24752485 73
2642777 32
29529452 20
1828775 44
22606579 11
27983175 2
1067655 5
25204870 2
13959708 32
24904275 2
5802595 37
15591473 5
15874834 8
23081944 11
3773338 7
22778777 52
22537176 41
10570672 16
15876598 17
9110630 8
16976294 19
21511087 22
21121121 17
19449027 10
20236492 10
9505358 5
18207265 4
17405360 6
1739063 5
16088378 10
12879589 19
3434525 5
11758583 2
9718624 7
8420019 18
7735893 53
6675625 30
29985404 1
29589287 1
29044773 1
7846136 4
27934039 2
27545996 8
27564351 6
21629132 3
22933853 8
22373285 6
21979164 21
22205320 50
22093607 5
