24752485 2308774 8580479 11750413 24249000 12961570 23710504 12967016 29901638 16719959 22983370 8460185 16299126 27992740 7989288 4685741 15837015 5206010 1828775 13997419 13179823 10034849 2642777 14008779 10539303 17702388 22343149 24263612 22518184 19626609 12802499
2642777 14186694 6384194 11036846 11478814 13263116 19138910 24263612 24202981 16980891 16719959 10882281 18658075 25283257 19161511 13442605 7993773 16291458 24338470 10826517 29444702 10243911 15394227 13525924 19163336 6891273 3420767 5206010 8460185 11757890 10590102
29529452 13288038 21121121 22343149 16391724 8580479 23977466 10443428 4503437 9811828 12802499 3741417 28154383 5717695 7225873 20221500 28805788 874138 28453966 13959708 29529452 23967482 14698103 9990483 13288471 24609346 9641679 25604479 16796039 6005254 9712035
1828775 199145 15569032 12478693 20056004 30078081 29745880 10590102 28605592 18653017 14741120 26769855 12961570 22518184 7684654 4857553 8079493 22993460 27499233 6127747 24720013 17044390 23710504 1739063 27720236 7824583 13263116 15837015 15694433 8460185 11478814
22606579 2703161 3375121 6457471 2642777 29473877 5206010 13997419 16719959 9101763 16325366 22606579 2308774 2012497 8943915 8580479 22830061 27992740 18658075 27258617 15807415 24415422 24752485 14008779 24104746 5170279 6553619 6127747 22993460 9531710 24351472
27983175 2014700 27983175 18108783 13288038 12443050 5917356 7105681 17565354 10770773 15666823 21121121 27564351 5976092 4834319 8338298 24412974 27277297 9718624 7098153 20221500 10004003 10296647 10761911 3983604 11254345 7569866 10850114 4250968 8252990 22606579
1067655 7563227 28065840 27545996 11647140 1067655 26136707 21362209 22933853 21830996 26744710 27425043 4562344 21954576 3089109 9093237 8266387 3910424 10684234 10953858 29633334 22192562 18815431 3367870 19262817 20294121 16506306 19359108 17150159 8752469 26111331
25204870 15239005 25204870 4503437 5717695 18502458 7225873 16391724 8580479 28800725 18213673 17328679 9811828 28154383 8142198 17824555 14698103 22343149 9827976 13675156 23585371 28078012 13288471 21121121 29529452 4456642 28805788 16662896 17134731 9990483 29252340
13959708 13288471 4503437 25204870 28154383 9811828 8580479 13288038 5717695 26974162 21121121 20221500 12802499 7225873 22343149 10634047 874138 17131689 10443428 29529452 17044390 28805788 23977466 16391724 6473024 16796039 3741417 14698103 28453966 9990483 9493092
24904275 25283257 24904275 20880325 29155352 5206010 17134731 8264816 7105681 5917356 11564558 24310984 27934039 4851535 15666823 11875015 28006587 21121121 26379853 29724569 27344936 22477446 28029965 26143425 22758460 30030547 25117724 30164292 29690692 21460102 10727189
5802595 7707497 28538078 24202981 27477784 11224454 7891047 13263116 10948945 12350080 13442605 10004920 11509890 10932238 16291458 8706464 14620520 7993773 22844998 18586347 10039683 6891273 18684821 21529853 19837392 11973831 23110225 12470283 13998929 8778074 12363266
15591473 27190930 20125232 24598203 28968108 15591473 22129202 9317604 27468409 6688071 5872100 6761411 8795911 9747198 6765819 10594470 16962406 26896615 6312938 12229000 11997110 28818999 13354430 25040890 29330321 22678079 18364635 7275081 8089067 6941586 6675625
15874834 24914209 13840193 15810032 7592200 11036846 7824583 27620533 15874834 27373703 16088378 18192528 4857553 8401146 19138910 28605592 19292329 15569032 19161511 17213090 10590102 1828775 9204311 18746659 20880325 17676205 9965911 12478693 13442605 15187551 199145
23081944 26515751 6416676 17105189 19163336 19591643 27794453 3434525 18681609 5054477 28432251 23081944 23074335 10198151 25101399 8795911 28968108 5188371 2544517 2540786 17606170 23458293 22993460 22107264 5206010 13112828 9336945 10594470 8117573 16096648 13257495
3773338 4318557 27266406 26397006 26286278 10093514 16096648 3773338 15561244 8811840 27934039 25547449 11875015 28054515 18088398 17640666 7907648 4398585 8463851 26478669 22083762 13576048 13377029 26674842 29947055 30120617 12561503 9589337 16295597 13548687 22093607
22778777 6844240 6847526 29589287 22717806 29237573 9666125 9978250 8881283 8778074 16649208 7395519 9199851 22993460 9831266 14620520 19067668 24336991 8500271 24028620 14935438 9597164 8171835 14899675 16245577 5296825 2910221 25391685 13322515 22518184 8072728
22537176 30036458 11393851 29237573 16333584 19262817 8764065 14353014 12561503 6307410 26896615 217070 28474486 9197745 26945529 16612197 14651493 13487167 27301255 5014339 9704546 1400652 7194750 14772032 21209034 12229000 29686244 10932238 10594470 4562344 12298087
10570672 13459381 15749341 16228045 16917367 22343149 2960056 28369154 9641679 30052169 19396275 17679820 21818242 12853797 8472136 8138128 10570672 25195607 26880214 17358279 24788949 6068423 20357501 27992740 21449653 30101865 7754023 11377932 8949487 17751951 13949951
15876598 20626553 5802595 9190413 12186865 15943169 27999631 13847102 8795911 11938283 11342726 8133329 26798500 24336991 11224454 16245577 14620520 15876598 17541385 16693047 14050042 27468409 10906747 7427489 16256961 24108742 6751054 11955722 14953418 13354430 3587254
9110630 23634389 19807243 24746983 19276121 10930042 14867199 6393339 9110630 20245254 7969969 29867318 27999065 14036551 3470793 22093607 7291854 4970353 11478814 14161240 4085839 9417097 16087389 29391326 18707676 11988517 13377029 23161088 24008731 22681046 13288038
16976294 9301057 1423741 15413168 7068346 17746067 30030547 7546849 9184229 12903330 14885780 9362427 8168434 9049093 3434525 9747198 9190413 18782902 6547639 16976294 16333584 15441299 6170097 5296825 5533791 2361072 8881283 18018148 2057701 14034676 10906747
21511087 26720846 6520989 18935321 29926295 15749341 17299219 27035607 6416676 25955231 22669705 4456642 8691460 7268320 5316420 11210951 19591643 13600658 9150700 16223286 9831266 11392850 21511087 15322124 12636741 17565354 18395702 8229286 13998929 26124617 11677112
21121121 15666823 20221500 28805788 29529452 13288038 10443428 2014700 9811828 4250968 22343149 4503437 4834319 8580479 3741417 28453966 26379853 21121121 30038722 16391724 8252990 17216320 5917356 5976092 6473024 7225873 23977466 25782945 28154383 28029965 23967482
19449027 4612573 17826107 9323844 10735586 24952531 22138415 4775618 15105647 11859075 19449027 15400458 8137518 12554081 29001784 6127747 28503398 4851535 12802499 11404428 28229507 21818169 19112121 22163325 4699945 28635232 8807410 8138128 9666125 17358279 14033739
20236492 19276121 6875556 23277267 23634389 3332370 17606827 18138842 11584036 26665897 20236492 8266387 29724569 22758460 28278342 15679865 27063667 7909224 10160640 25779637 29125148 27934039 26769855 30095743 30030547 17358279 25181819 7979030 11233331 17405360 29073162
9505358 9817953 7818593 27859636 8811840 9505358 4480363 10782553 6272381 14620520 27545996 3089109 25258311 16719959 9852809 7025213 18645779 3256420 18746659 11690329 9718624 1630258 7783485 12155740 4970353 8264816 8795911 9906003 10443428 16729863 12931496
18207265 23149187 12636741 12430734 18207265 9626770 29926295 15271126 17299219 27185977 9831266 28551794 17606827 16729863 20321799 7956190 9081342 29282521 19653198 13715089 7592200 17522182 14603642 29851491 15708802 16117414 7778387 27038003 9227775 7993773 5090889
17405360 28358119 12931496 10477564 12039907 15918182 17405360 12777646 8096957 6591982 29063324 16123543 14187563 13503661 22933493 14620520 17875326 13487167 11988517 6824802 27233592 26565692 9817953 10364938 25502161 13112828 6844240 26061866 11783037 7867712 25752843
1739063 25782945 10412598 17044390 15187551 1739063 16085087 17980332 29125148 10590102 28854863 12478693 26769855 27720236 28605592 11758583 25977511 19641910 8079493 21449653 3382499 23634389 20056004 10063882 22242888 11233331 6068423 29515298 17195623 23579258 17216320
16088378 16719959 7778387 9046480 18658075 13576294 26849992 27859636 5643704 9505358 16088378 17679820 24104746 8811840 13494148 9101763 14757315 7574237 8090449 4612573 17826107 17702388 8204317 20824273 8943915 18645779 7732994 4685741 24324667 8096957 8755975
12879589 2910221 2028517 8171835 16748218 24028620 10530217 12234682 8089067 7623600 6312938 25345401 15084768 27233592 11521721 9747198 8731857 9589337 4701284 12879589 22717806 22518184 10684234 18292665 18600959 2057701 8663358 7546468 15351352 21209034 3091053
3434525 9190413 10906747 6547639 2361072 3434525 1423741 2057701 18782902 8881283 5296825 8168434 5533791 8096957 9184229 9049093 7546468 9747198 19358785 27999631 7068346 16976294 15624304 16333584 7546849 3562213 8807410 6170097 18018148 17746067 14034676
11758583 11899892 11758583 25977511 17195623 29125148 15952950 26601141 1739063 28506888 22993460 11233331 26769855 19175658 13559192 17183719 12478693 17980332 21449653 26796241 6765819 16085087 8079493 14281091 5206010 30036458 21818242 26515751 28805788 1216165 15187551
9718624 16729863 17121123 9724313 19292329 18645779 15679865 9718624 14507791 1409220 12777646 17565354 11150044 24263612 4522392 12842430 17105189 4216462 13769121 16698108 5846886 15271126 7120558 26136707 23967482 27859636 21954576 4480363 22165295 8545325 8279970
8420019 26177599 14885780 25137497 16584262 3089109 25507782 26431417 8401146 17270670 23585371 8938924 7153484 7530359 27553224 4612573 17826107 14038855 8420019 8832670 1456987 15681328 29123291 27133022 7459279 12512483 28888259 10004920 21068115 18320025 29859915
7735893 7025213 9505358 10813451 6272381 7483203 4612573 17826107 13041289 7546849 27371201 24109246 22967568 9081574 22797194 15084768 14595504 7956190 6992110 8198085 17008012 13179823 9666125 14166609 16096648 8199675 9197745 9189350 10181895 7855583 14620520
6675625 9182692 17355677 6765819 8795911 18364635 7783100 20125232 24598203 12495090 13567037 16226053 25040890 24424232 22129202 10004003 12250274 18617319 15918182 9747198 7642040 5872100 13354430 14651493 29330321 27268351 21251457 3489570 9317604 10594470 6675625
29985404 29985404 17105189 20313918 13196990 14620520 21529853 4480363 7829786 6272381 29389630 18605718 18645779 29491036 18684821 13801282 15271126 15286456 16612197 22909937 16748218 12830434 27207429 27992740 5054477 12814931 22797194 27545996 11509890 7837808 29576893
29589287 29589287 26720846 17263286 29389630 20313918 5316420 25989395 11150044 6272381 10795591 16922907 13196990 15646578 21529853 25101399 13064170 18605718 4250968 9817953 13741721 3653584 15679865 21997232 13665757 10198151 8498389 12777646 9718624 13757685 18645779
29044773 29044773 20374156 20740349 10206589 6272381 26674842 13754795 3089109 7025213 11437602 14161240 28130706 5169468 25201403 16932777 30110145 25117724 24899609 9971628 10782553 6028981 9237510 8171835 17165693 7068346 20366777 29985404 29205310 29391326 30036458
7846136 7819975 7822432 8482967 7846136 7537519 12250274 12145942 13576294 1456987 9759078 22717806 8089067 24336991 8171835 28111976 9237510 8199675 15239005 21134237 9597164 23081944 7384680 3489570 21656796 6912996 6541204 11516364 9852809 3420767 27531729
27934039 11875015 27934039 22492089 19268897 15394227 23130703 13743205 10039683 6091040 15646578 3773338 10477564 6272381 24104746 7783485 5991283 17522182 8460185 12253305 11647140 29389630 16719959 28006587 12363266 7732994 11911519 3256420 5976092 7890859 17385961
27545996 26794943 12350080 12363266 10039683 25137497 26796241 17165693 27545996 12236252 24018857 22933853 6272381 11509890 29389630 6091040 22733870 11564558 2607020 11077243 16719959 8081102 21425078 12561503 17522182 5976092 12490786 7537519 7837808 27477784 9213533
27564351 2285799 8327202 17358279 10180965 28229507 27564351 12495090 19834801 6255160 17216320 19338149 10571640 3895477 7778387 24788521 24220324 3332370 9255150 13959708 4851535 19449027 9630967 28350539 3910424 16088378 9740876 7723558 11510110 3276903 6393339
21629132 13171619 10829773 21629132 29320013 18746659 14121662 11254345 12059820 27277297 25686417 23640512 18502458 2014700 10850114 7569866 15322966 22014657 15666823 4250968 21121121 4834319 199145 16247514 7670885 18108783 7298957 10882281 7098153 28800725 24032353
22933853 9971628 7563227 11629013 11647140 10953858 17102214 13014493 22933853 3367870 27545996 9093237 9045703 17628958 3482674 14353014 17150159 12107061 1067655 21425078 27406418 15952950 28538078 16506306 25201403 22163149 21362209 7199080 19359108 27828752 4562344
22373285 24415422 16414396 8090449 23352764 18658075 22373285 2642777 9101763 8943915 15807415 13494148 24104746 16719959 2014700 22606579 16659679 2703161 27992740 14889176 6852492 7225873 3135679 2012497 1739063 20273294 8580479 14846928 5170279 6383207 22107264
21979164 22777056 21844262 9827976 25857446 29856543 14960268 26542026 17824555 8142198 27013770 21068115 16838189 21266807 23577465 13672884 9396851 6148936 26529673 13141434 18145995 21979164 23908960 19158378 16724470 17050729 24736186 23521626 13675156 26624484 4503437
22205320 13159262 5802595 8795911 9190413 8204317 10906747 9597164 20606054 12200213 1423741 27999631 8881283 8806092 11938283 24336991 12062759 6547639 17541385 9747198 23705156 17299219 29207864 26798500 3562213 7427489 13847102 6751054 2057701 11955722 27468409
22093607 26596994 26136707 28154383 21852177 22093607 26796241 25178858 26026560 24310984 6462142 29745880 11988517 15679865 15421234 12198425 28834713 26794943 24008731 12830434 22163149 5180217 26111331 9110630 28065840 26744710 29073162 25989395 4085839 19807243 7482663
