24752485 59
2642777 28
29529452 17
1828775 40
22606579 9
27983175 1
1067655 4
25204870 1
13959708 21
24904275 1
5802595 34
15591473 2
15874834 7
23081944 10
3773338 6
22778777 50
22537176 31
10570672 14
15876598 16
9110630 7
16976294 17
21511087 20
21121121 16
19449027 8
20236492 8
9505358 4
18207265 3
17405360 5
1739063 4
16088378 9
12879589 15
3434525 4
11758583 1
9718624 5
8420019 14
7735893 45
6675625 23
29985404 1
29589287 1
29044773 1
7846136 9
27934039 2
27545996 8
27564351 7
21629132 3
22933853 8
22373285 6
21979164 22
22205320 28
22093607 5
