24752485 2308774 8580479 23710504 11750413 29901638 16719959 22983370 12961570 16299126 8460185 4685741 27992740 5206010 15837015 1828775 13179823 7989288 13997419 2642777 14008779 24249000 24263612 10034849 17702388 22518184 22343149 17676205 12802499 19626609 12967016
2642777 14186694 11478814 13263116 6384194 11036846 24263612 16719959 16980891 24202981 19138910 18658075 7993773 10882281 16291458 19161511 13442605 10826517 24338470 25283257 29444702 10243911 6891273 15394227 5206010 8460185 19163336 3420767 2642777 11757890 20056004
29529452 13288038 9811828 23977466 21121121 8580479 4503437 28154383 22343149 13959708 3741417 10443428 28805788 16391724 874138 28453966 12802499 29529452 14698103 25604479 20221500 9641679 16796039 24609346 6005254 22743724 5717695 23967482 9712035 9493092 21818242
1828775 20056004 199145 30078081 10590102 12478693 15569032 29745880 26769855 28605592 22518184 22993460 4857553 14741120 12961570 6127747 24720013 8079493 23710504 7684654 17044390 1739063 7824583 15837015 13263116 27720236 27499233 8460185 11478814 15694433 2642777
22606579 2703161 3375121 6457471 5206010 2642777 29473877 13997419 16719959 22606579 9101763 16325366 2012497 2308774 8943915 8580479 27258617 24752485 27992740 18658075 15807415 22830061 24415422 5170279 14008779 6553619 22993460 6127747 24104746 24351472 22373285
27983175 27983175 2014700 18108783 12443050 13288038 5917356 7105681 27564351 17565354 21121121 15666823 10770773 4834319 5976092 27277297 8338298 24412974 9718624 7098153 20221500 10296647 10004003 10761911 3983604 22606579 7569866 11254345 4250968 22758460 24255974
1067655 28065840 7563227 26136707 1067655 21362209 21830996 11647140 27545996 26744710 4562344 22933853 3089109 3910424 27425043 10684234 10953858 9093237 22192562 18815431 16506306 3367870 19359108 17150159 19262817 8752469 26111331 28538078 29633334 8171835 8266387
25204870 25204870 4503437 5717695 28800725 9811828 28154383 18502458 8580479 9827976 18213673 16391724 8142198 17824555 22343149 29529452 14698103 28805788 13959708 7225873 13675156 21121121 13288471 16247514 4456642 25604479 10180965 16662896 13288038 14099812 26362326
13959708 9811828 4503437 28154383 25204870 8580479 13288038 13288471 12802499 22343149 874138 10634047 29529452 20221500 5717695 21121121 28805788 3741417 23977466 26974162 17131689 13959708 16796039 25604479 10443428 6473024 16391724 28800725 28453966 9493092 14698103
24904275 24904275 25283257 20880325 29155352 5206010 24310984 5917356 7105681 27934039 11564558 8264816 4851535 11875015 21121121 28006587 15666823 26379853 29724569 22477446 28029965 27344936 22758460 26143425 30164292 30030547 25117724 22928598 21460102 27999631 10727189
5802595 11224454 27477784 24202981 28538078 13263116 7707497 13442605 10948945 12350080 11509890 10932238 14620520 16291458 10004920 7993773 6891273 8706464 22844998 23110225 21529853 11973831 19837392 12470283 10039683 18684821 8778074 19063622 24322844 26798500 18586347
15591473 24598203 15591473 22129202 27190930 9317604 27468409 28968108 20125232 6688071 9747198 8795911 10594470 16962406 5872100 6761411 11997110 25040890 13354430 26896615 6765819 7275081 18364635 8089067 6675625 12250274 12229000 28818999 6312938 3587254 29330321
15874834 13840193 24914209 11036846 27620533 7824583 7592200 15874834 27373703 18192528 8401146 16088378 4857553 19138910 28605592 19161511 9204311 18746659 15569032 1828775 17213090 20880325 10590102 17676205 12478693 9965911 15187551 9811828 13442605 21595000 19292329
23081944 26515751 17105189 19163336 19591643 27794453 3434525 6416676 18681609 5054477 23081944 28432251 23074335 10198151 8795911 25101399 28968108 5188371 2544517 2540786 17606170 23458293 22993460 5206010 13112828 9336945 10594470 8117573 16096648 13257495 13757685
3773338 4318557 26397006 27266406 26286278 10093514 3773338 16096648 15561244 8811840 27934039 25547449 11875015 22083762 30120617 26674842 26478669 13576048 28054515 22093607 13374472 13548687 18088398 13549289 17640666 7907648 9815876 8463851 18364635 9852809 2923467
22778777 6844240 6847526 29589287 29237573 8778074 9978250 9666125 8881283 22717806 16649208 22993460 9831266 14620520 19067668 24028620 8500271 24336991 9597164 14935438 8171835 16245577 5296825 14899675 22518184 13322515 16256961 25391685 19358785 2910221 12997229
22537176 11393851 29237573 16333584 19262817 12561503 217070 14353014 28474486 8764065 26896615 6307410 13487167 9197745 14651493 16612197 27301255 5014339 10932238 4562344 10594470 14772032 12229000 21209034 7194750 29686244 9704546 12298087 3089109 8580479 9013606
10570672 13459381 15749341 16228045 28369154 16917367 22343149 19396275 9641679 17679820 21818242 30052169 8472136 8138128 10570672 26880214 25195607 20357501 27992740 24788949 17358279 6068423 7754023 8949487 21213751 22163325 4694419 21449653 7501403 18237569 30101865
15876598 5802595 20626553 9190413 12186865 15943169 13847102 27999631 8795911 11938283 8133329 26798500 11224454 24336991 16245577 14620520 15876598 11342726 14050042 16693047 27468409 7427489 16256961 13354430 14953418 10906747 17541385 24108742 10897413 11955722 9789939
9110630 23634389 24746983 19807243 19276121 14867199 10930042 9110630 6393339 20245254 7969969 29867318 27999065 3470793 4970353 7291854 14161240 22093607 11478814 4085839 11988517 16087389 18707676 13377029 29391326 9417097 22681046 13288038 24008731 23161088 7788689
16976294 7546849 8168434 15413168 9362427 1423741 17746067 18782902 30030547 14885780 7068346 9049093 9747198 3434525 12903330 9190413 6547639 16976294 5533791 6170097 9184229 8881283 2361072 15441299 16333584 2057701 10906747 5296825 18018148 14034676 7546468
21511087 26720846 6520989 18935321 29926295 15749341 27035607 17299219 22669705 4456642 7268320 5316420 25955231 11210951 11392850 9150700 9831266 19591643 15322124 12636741 21511087 18395702 8229286 11677112 16223286 19358785 25873852 26972887 15723352 9736774 9271441
21121121 15666823 20221500 29529452 28805788 13288038 9811828 2014700 10443428 4250968 28453966 22343149 26379853 4834319 4503437 8580479 21121121 30038722 3741417 17216320 23977466 28154383 8252990 5976092 5917356 28029965 6473024 16391724 13959708 2954434 25782945
19449027 4612573 17826107 9323844 10735586 22138415 15105647 4775618 19449027 11859075 15400458 24952531 8137518 6127747 12554081 4851535 22163325 28503398 29001784 28229507 11404428 12802499 4699945 19112121 8138128 8807410 28635232 14033739 23065721 13034998 17358279
20236492 3332370 23634389 19276121 23277267 17606827 18138842 11584036 20236492 29724569 8266387 22758460 15679865 27063667 25779637 27934039 7909224 28278342 30030547 29125148 26769855 25181819 17358279 29847451 30095743 17405360 11233331 27999631 12701258 18782902 22165295
9505358 9817953 27859636 8811840 9505358 4480363 10782553 7818593 14620520 6272381 3089109 27545996 16719959 7025213 18746659 9852809 3256420 18645779 11690329 25258311 9718624 1630258 4970353 7783485 12155740 8264816 9906003 26136707 6751054 10443428 28506888
18207265 23149187 12636741 18207265 9626770 12430734 29926295 27185977 20321799 29282521 17299219 28551794 15271126 16729863 9831266 9081342 19653198 13715089 7956190 14603642 17522182 5090889 7993773 16117414 7778387 29985404 8669948 17606827 8545325 27038003 9873810
17405360 12931496 12039907 6591982 16123543 17405360 22933493 10477564 15918182 14187563 14620520 12777646 8096957 29063324 13503661 6844240 25502161 28358119 13487167 17875326 11988517 27233592 10813451 6824802 29044773 26061866 10364938 11783037 20009405 11431074 6986245
1739063 25782945 17044390 10412598 1739063 17980332 16085087 29125148 10590102 28854863 15187551 26769855 20056004 3382499 29515298 21449653 12478693 8079493 6068423 10063882 22242888 11233331 19641910 28605592 27720236 17216320 21818242 23634389 28805788 25977511 11758583
16088378 16719959 9046480 7778387 18658075 27859636 13576294 9505358 5643704 16088378 17679820 26849992 8811840 24104746 13494148 8090449 7574237 14757315 9101763 17702388 4685741 4612573 17826107 7732994 8755975 20824273 8943915 5169468 2642777 18645779 8204317
12879589 2910221 2028517 12234682 16748218 8171835 24028620 15084768 8089067 9747198 27233592 25345401 4701284 22518184 22717806 12879589 9589337 7105681 21629132 3091053 24351472 10829773 2057701 7546468 18292665 26111331 8500271 6312938 18600959 10684234 8881283
3434525 9190413 10906747 2361072 3434525 1423741 6547639 2057701 8168434 5296825 8881283 18782902 8096957 5533791 9747198 7546468 9049093 27999631 15624304 9184229 7068346 16976294 19358785 16333584 7546849 3562213 8807410 6170097 17746067 16693047 9597164
11758583 11758583 11899892 17195623 25977511 15952950 29125148 26601141 28506888 1739063 22993460 11233331 26769855 13559192 19175658 26796241 12478693 17980332 21449653 14281091 26515751 21818242 5206010 16085087 28805788 6765819 8079493 1216165 26604929 3382499 15187551
9718624 9724313 16729863 18645779 17121123 9718624 15679865 14507791 24263612 17565354 11150044 12777646 4522392 4216462 17105189 5846886 12842430 26136707 19292329 13769121 15271126 16698108 7120558 27859636 1409220 23967482 4480363 22165295 21746413 19651430 8545325
8420019 26177599 25137497 16584262 26431417 8401146 25507782 3089109 8938924 17270670 14885780 7530359 7153484 27553224 8420019 4612573 17826107 1456987 14038855 23585371 29123291 7459279 27133022 28888259 15681328 21068115 8832670 29859915 10004920 18320025 4582471
7735893 7025213 9505358 10813451 6272381 7483203 4612573 17826107 7546849 13041289 27371201 9081574 24109246 22797194 6992110 7956190 14595504 14166609 15084768 17008012 9666125 13179823 16096648 8198085 10515023 9189350 7855583 8199675 9197745 14620520 10181895
6675625 24598203 8795911 25040890 18364635 22129202 10004003 12250274 9747198 6765819 7783100 13354430 3489570 13567037 16226053 15918182 7642040 10594470 24424232 9641679 9317604 6688071 25240048 6675625 29237573 14651493 29330321 20125232 15591473 27468409 5872100
29985404 29985404 17105189 13196990 20313918 14620520 21529853 4480363 29389630 6272381 18605718 18645779 18684821 29491036 15271126 16748218 15286456 22909937 12830434 16612197 7829786 27207429 5054477 27545996 27992740 22797194 12814931 11509890 7837808 12430734 11045358
29589287 29589287 29389630 17263286 20313918 26720846 5316420 21529853 13196990 6272381 10795591 16922907 15646578 11150044 13064170 25101399 18605718 4250968 13741721 15679865 3653584 9817953 8498389 13665757 9718624 21997232 13757685 13487167 18645779 8545325 17105189
29044773 29044773 20740349 20374156 10206589 6272381 26674842 13754795 3089109 7025213 5169468 28130706 25201403 11437602 14161240 30110145 24899609 6028981 25117724 9971628 17165693 9237510 10782553 29205310 16932777 29985404 7068346 8171835 24731892 24598203 20366777
7846136 7819975 7822432 7537519 12250274 12145942 13576294 1456987 9759078 7846136 24336991 8482967 8089067 28111976 23081944 22717806 9237510 21656796 8171835 3489570 9597164 8199675 7384680 6541204 9852809 11516364 6912996 21134237 3420767 27531729 18224916
27934039 11875015 27934039 22492089 19268897 15394227 23130703 13743205 10039683 6091040 3773338 15646578 6272381 7783485 10477564 24104746 5991283 17522182 8460185 28006587 12253305 16719959 29389630 11647140 12363266 7732994 11911519 24028620 3256420 5976092 17385961
27545996 12350080 12363266 10039683 26794943 25137497 17165693 26796241 27545996 12236252 22933853 6272381 11509890 29389630 6091040 22733870 2607020 11564558 21425078 11077243 17522182 27477784 16719959 5976092 9213533 7837808 12561503 7537519 12490786 20313918 12814931
27564351 2285799 19834801 19449027 17358279 28229507 24788521 27564351 13959708 24220324 9255150 8327202 28350539 10180965 3332370 4851535 17216320 7778387 6255160 3276903 27934039 21237391 10571640 8420019 8138128 15591473 9630967 17676205 6457471 26137818 29006744
21629132 13171619 10829773 21629132 29320013 18746659 11254345 27277297 12059820 25686417 23640512 2014700 18502458 7569866 10850114 15322966 15666823 22014657 4250968 21121121 4834319 18108783 199145 7670885 16247514 10882281 7098153 28800725 7298957 18224916 24032353
22933853 9971628 7563227 11629013 11647140 10953858 17102214 13014493 22933853 3367870 27545996 9045703 17628958 3482674 16506306 15952950 12107061 21425078 27406418 17150159 25201403 28538078 14353014 1067655 9093237 22163149 21362209 19359108 4562344 7199080 4398397
22373285 24415422 16414396 8090449 23352764 18658075 22373285 2642777 9101763 8943915 15807415 13494148 24104746 16719959 22606579 2014700 2703161 16659679 27992740 6852492 3135679 2012497 7225873 8580479 20273294 1739063 5170279 24753435 6383207 7980238 1456987
21979164 21844262 9827976 25857446 29856543 22777056 26542026 17824555 8142198 27013770 21068115 16838189 21266807 23577465 9396851 26529673 18145995 23908960 13141434 19158378 16724470 17050729 21979164 24736186 23521626 26624484 4503437 13675156 5952597 29633334 28016729
22205320 20606054 13159262 5802595 9190413 8795911 8806092 23705156 27999631 9597164 10906747 12200213 8204317 9747198 12062759 8881283 1423741 13847102 17541385 29207864 6826504 13354430 7427489 17299219 24336991 26798500 6547639 11938283 22205320 23110225 6541204
22093607 28154383 26136707 26596994 26796241 22093607 21852177 25178858 26026560 24310984 11988517 6462142 29745880 15421234 15679865 12198425 24008731 26794943 22163149 12830434 28834713 28065840 26111331 26744710 9110630 4085839 217070 7482663 19807243 29073162 13743205
