15756940 6
25651225 8
27306244 8
28246529 5
28149515 9
16711147 6
26974535 20
26334698 59
26312521 61
26026878 50
25783381 8
25759877 31
25673984 5
25508281 10
4885483 30
23477249 4
21287714 5
22868967 5
22699200 3
22359960 9
7904497 3
22068772 14
22092237 8
21966778 94
21856422 41
21295344 6
21026997 16
20973779 90
5746230 2
13663655 39
19773911 35
9110677 3
16765240 2
16132982 2
3099188 5
15351587 2
14698433 92
14593040 11
14585531 2
14371888 9
13822800 5
13725148 15
13318277 21
13429400 2
13094641 4
11066553 2
10837699 3
10589716 2
10056135 5
9517228 2
