15756940 27676610 8173938 13565079 28268682 29041274 15756940 17200199 24038828 28391456 29611055 27284164 15513325 20782919 29828829 27711962 3339801 2250191 25294990 7345241 2158868 9283070 20004372 12157014 6580653 19143959 29417692 16329493 5947869 23629233 6973618
25651225 26979120 10723826 25233131 18593241 22997639 28902325 29607672 25651225 22308823 29126449 27079366 28276086 25219277 13863382 29570118 28754875 25564478 27327903 28933753 10149352 27577138 29058793 23740550 8039504 16915212 10080421 20237796 26312521 6598228 25808115
27306244 27127751 4819775 8913379 12331102 6598498 18087729 21729668 27306244 3604213 20381018 27690316 26938002 14061758 30196298 23824478 29439910 27804437 20945602 16196290 25300727 10007994 26026363 20203594 8210017 17922339 12198546 3812952 13757306 13636475 21141872
28246529 13804295 22948371 21947936 10135437 28246529 9519769 10182175 13164101 7748618 23780481 17509382 10741416 10309778 28229374 14350183 19132042 13426126 9233966 20262170 13287196 23315689 16414912 14061758 14742501 25371451 28104575 29658352 12898959 24740581 20753614
28149515 20080635 14318124 1802629 27851300 15357953 23398262 12242083 7204632 28149515 24454212 16335202 14196543 4895376 18107741 19383323 24879682 29029411 27930029 23019707 9790567 5010467 5033209 26888243 10293120 15875397 16856554 19773911 27263604 8830033 9520073
16711147 16141618 29603817 10242380 6336704 5524642 16711147 20664110 29013250 12006964 22480230 6842887 14572083 19137218 22731613 23179024 24889243 14820924 23814769 10332456 27613221 18087729 27448612 7438852 17200199 26586441 11226623 14403114 21754560 21628045 8217855
26974535 8830033 25473849 5010467 7758283 11665449 5003832 27424311 25764803 5716267 5515545 28113919 18858615 23648626 8657608 27857794 29534832 18785586 27553051 24931525 26974535 8108179 6906423 8354200 24546496 30038924 12475532 28579492 19773911 28747244 20707056
26334698 23955837 28726668 6264328 6580653 7572446 16270725 29363289 23483884 20302456 23573828 8240833 7965122 28052968 3339801 9851549 10699492 1062960 9999650 24378231 10036682 18858615 14975681 22154785 13236927 21933009 2776176 8173938 15313834 25077543 15747906
26312521 28902325 14270863 1331174 14698433 27079366 26979120 10723826 9110677 21093731 10124202 2889443 25651225 25233131 25077543 4343748 10315850 28475342 17922339 15351587 8346036 18372818 18088057 14263313 18988842 26626257 4345633 20005194 23344915 14311644 24273891
26026878 15911161 28402032 26909698 13979376 10442846 24701679 14730174 29990788 15280974 9080034 12157014 19712035 26551068 12284294 10626720 15900557 11563848 19008049 8298285 28296839 13212153 11463675 19092790 13313533 11143528 15357953 18593241 27676610 24755464 27556216
25783381 12048559 14519431 14974836 25808115 3011726 12644670 16475015 25783381 24963825 6336704 14165129 25348874 3126330 22867311 10235034 3126276 18502650 14412237 19625086 20547211 18207292 25499811 21141872 25792398 25651225 29155799 21919103 8314318 7596330 30159229
25759877 11256840 30192917 9741513 3972127 28392586 19640299 24627440 7152840 29418674 9756399 7447002 11504676 11695516 17572679 23181956 14768128 29703739 22547351 13835685 15800027 11695949 23196574 6537513 29052597 17582159 22602066 14820924 7198525 29893812 10808436
25673984 27502648 23179024 28178412 29849273 25673984 25651225 18088057 26150062 20145553 8210017 9885773 18593241 10201083 17697974 7133265 21700655 12352559 26689176 26979120 28853517 1062960 9587014 4023968 27362020 9257211 14311644 10235034 25666925 11184740 19000366
25508281 28544990 20237796 13071143 23049677 29128913 16866991 26018320 5040886 15602263 25508281 8039504 9561295 30065288 23417650 17454217 7069290 26681593 18800337 28579492 29050895 8298285 14318124 29670891 27089048 26378453 12044694 25233131 23071450 29172967 11561789
4885483 24171643 12133756 8710719 25548594 13863153 22014605 21668919 8830033 21763735 18227938 5746230 11941506 13429400 29277173 12378702 29753604 10293120 4596196 24792653 6946213 30196298 13936858 20849681 27448612 19172446 2312849 22045184 27296223 1802629 4885483
23477249 11696071 20302456 23573828 23477249 23032662 7447002 12224747 16099400 3972127 15027936 11695949 15351587 14646298 22868967 9741513 22890132 7152840 15800027 14340481 1811706 5253324 19599037 13822800 23562297 11695516 20005194 6302135 11017055 14727509 29553725
21287714 22045184 29932956 30099409 28369607 21287714 11814141 23670452 8710719 16919751 25096737 8976367 30196298 12319560 12262801 8625071 10182175 28726668 29642381 25053255 21100247 10079555 16383999 11244402 4185665 11120985 26758093 24811590 27577138 26026363 23057200
22868967 20938016 2531421 25053255 20005194 22868967 5253324 29970869 18868920 16099400 20874859 9290774 14974836 4580322 11017055 14795561 5804269 23477249 6713885 25943701 6146384 3802437 15754086 8643878 10235034 28327389 4256988 26737853 14882820 9840521 25561123
22699200 3454829 8458663 22699200 28094040 17457922 7850979 15760022 7204632 12649445 29875768 2955043 24931525 26991839 6666133 4387820 2543052 10834577 6707287 12553019 6494614 14953787 10417075 6176918 3197790 24879682 9790567 10421793 2155788 7884508 7847645
22359960 17813425 15811210 13521523 27013971 10153724 11463675 13212153 15357953 22359960 26551068 20645671 23825591 26026878 24378231 29614975 11794297 4734018 20496426 16070641 7616169 22609275 26909698 7965122 25442298 17878091 13313533 14371888 5899383 15911161 15280974
7904497 7854909 15952128 7904497 28753573 8657608 11227990 4345633 29172967 15165293 25217815 5662094 12248635 22657840 4969099 7438852 10975913 5040886 8841959 15454812 3972127 29654228 4314883 13426126 4343748 12132193 27260370 18667440 10754492 14907667 16095283
22068772 8764405 11143528 22154785 26843814 21986551 20801506 20972914 9664421 3812952 15811210 13979376 26551068 3934470 22068772 9756399 13565079 10626720 19092790 9283070 3759440 13318277 24102143 29380653 11563848 28726668 28118339 10153724 22867311 29336280 1444437
22092237 6158601 12284294 8248970 7970231 25666925 10201083 9889215 22092237 11227990 28268682 20715854 18088057 25233131 9459461 9036369 14263313 9257211 10182175 24426104 20345563 6942096 10315850 6029755 16047547 7289766 9885773 28853517 12668924 26026363 8240833
21966778 13565079 20654289 24148193 5792596 21508058 16888539 3869258 13725148 13863153 15183982 17559629 14371888 19092790 3883131 24378231 24747777 9756399 28276086 6494614 29418674 17218444 16928580 24291928 10170656 10977315 9080034 6024084 3210606 12157014 8830033
21856422 21094045 8860770 17866628 29269408 16715955 19099998 11848822 8362424 19031213 21247965 19787763 7438852 4345633 7881629 27374200 15747906 7694907 18088057 8522268 2419144 26119232 25764803 26334698 8524902 3029151 25403699 24770796 14270863 1331174 21463478
21295344 25403699 22893263 7616169 24546496 11871049 21295344 24651441 26150062 28428788 8314318 18227938 1533513 4542550 2574685 3810738 9951786 5746230 8463543 8023977 5033230 20945602 24710357 18349900 28328953 2776176 3812952 18420750 12712669 17149523 8830033
21026997 27610651 8841959 6777568 9517228 12352559 8011411 12473859 29654228 7069999 19383323 12937938 29776576 17200199 26934042 4314883 21026997 5616306 18385310 9519105 3737882 16765240 29630944 29013250 29570118 27473199 4501444 16711147 10568440 4531404 29476400
20973779 9283070 9714731 8093956 20645671 24755464 10988661 28402032 9664421 9931587 9229006 29633271 13763211 13979376 8764405 19092790 7268546 14371888 27065149 14730174 10091654 12157014 13318277 15357953 24263684 18011312 11563848 16329493 26913481 18561121 23812521
5746230 10755365 5746230 15091606 21100247 3171629 4095262 13863153 29284882 23389331 14585531 29417129 2374823 8257545 17967340 7602943 20050388 4596196 15905182 28056931 26910343 24492638 5662094 23937743 25618214 3126330 23824478 23079236 21166573 3126276 14318124
13663655 7524423 9215418 30096396 18592129 11153173 3205231 2694517 22156155 2295818 29050895 6758587 22068772 7848482 26912134 4622821 28484142 22308823 11124856 26934042 29476400 18868920 5795948 10130847 4501444 864624 27362020 4922521 10754492 22719783 8934397
19773911 27612165 7345241 29828829 3810738 9489384 9058430 6973618 20573216 19935824 27599607 29417692 8879206 12217383 15280974 21921507 26934042 27473199 28993525 12495420 28268682 19143959 13053406 11244402 4100502 10354286 8896679 5611324 23003754 5947869 21094045
9110677 19091118 20005194 9110677 8346036 9378862 14137042 29935064 23909588 14412237 15027936 11692497 15479922 3557144 14234546 26737853 15351587 18183893 26910343 23663466 28229374 5925236 14165129 29036831 17151464 21458680 29970869 18562280 29680205 26476149 27502648
16765240 24931525 16765240 5501468 6176918 28544990 10246757 25371451 23735683 7524423 20145553 5616306 30226505 12495420 9517228 26184322 29036831 9519105 8011411 12473859 25847391 6778743 30099409 22554470 19383323 18014217 29642381 29875768 6777568 11183416 18088057
16132982 16147505 16132982 23196574 10975913 17402548 6158601 28022552 9459461 16563760 16856554 8458663 29875768 24454212 6323713 9790567 10634408 6176918 28079555 8636502 14340481 10293120 8609246 6233745 7241562 25732649 9567921 16099400 20972914 6951734 29553725
3099188 30226505 2543052 28094040 23772522 3099188 22699200 2955043 3454829 14631353 7204632 9988179 29065534 2254232 6666133 10417075 24931525 1802629 26991839 7602943 2295818 7850979 7949373 21237503 5949091 7884508 9567921 14702380 24306528 14953787 8786446
15351587 20005194 15351587 14973381 11256840 28392586 19091118 9110677 7152840 7001582 11695949 11504676 8346036 9741513 11695516 15800027 14729906 29052597 17572679 18498176 23955837 20302456 23573828 24627440 19950688 13863616 23344915 7447002 9418032 23179024 6537513
14698433 25077543 28246529 23315689 13164101 9519769 10741416 1331174 20262170 13287196 6000116 28104575 28902325 19132042 10182175 21947936 14742501 14061758 13198394 6146384 10309778 26312521 14356352 13426126 14260060 18088057 12898959 17509382 8362424 14648151 9233966
14593040 13405231 29327669 11378674 15141159 9756399 27473199 26979120 18250964 29417692 15140195 14593040 5792596 10968958 7848482 22636575 14583022 11204143 20729597 11066553 17942636 29828829 27610651 27651953 9173658 22598883 12053945 29630944 25254891 27652091 14982820
14585531 19234698 14585531 25442298 13724571 18313917 9842189 9840521 18637285 11046772 22867156 7867611 20825684 11959260 9844777 29155799 29395823 8197354 3171629 13343488 9283070 19583177 7724722 15091606 29417129 23389331 8265476 10235034 10755365 13863153 25705266
14371888 17218444 26551068 15357953 20645671 21966778 7616169 8023977 26843814 14371888 12157014 26211684 11143528 26712162 25442298 29614975 26912134 19092790 11018503 7782303 6668574 24263684 12884232 9566568 13979376 22359960 18986114 13532978 10442846 15911161 27065149
13822800 13835685 14882820 11695516 26929718 13822800 22890132 8236568 15165293 25121787 12422473 23196574 14729906 19640299 7383624 23955837 6158601 19950688 12224747 9587014 9741513 22547351 29349281 14727509 20302456 23573828 29893812 12789735 14646298 5089573 15800027
13725148 23646186 1062960 4023968 29418674 3869258 24066131 8362424 16928580 21094045 22212035 16888539 6842887 17200199 24747777 13725148 24885551 29041274 17400732 2531421 12224747 21966778 15183982 19031213 24291928 6158942 3740292 29409881 19137218 23483884 22958119
13318277 26843814 13979376 26551068 11143528 12157014 8764405 13313533 19092790 14730174 22038348 14371888 10808436 17813425 26909698 9566568 9459842 11641512 18011312 24755464 24263684 13318277 7069290 15357953 10626720 19008049 28402032 11563848 29633271 16329493 20973779
13429400 9790567 13429400 27989224 17559629 5733142 27448612 8830033 7447002 24546496 25764803 7383624 19137218 12429233 22308823 10918455 29277173 26295123 2531421 18107741 826246 28198034 10293120 25831223 12790778 20849681 19405060 8657608 21094045 14973381 4895376
13094641 29708928 9459461 15183982 13094641 24651441 18572722 2224275 25442298 9999650 12198546 11882704 20972914 11223561 23669423 24227182 5515545 11312331 15357953 2374823 10968958 15911161 29266888 24701679 8346036 24066131 11794297 27534697 24273891 23003542 7780003
11066553 12352559 11066553 30038924 29654228 12048559 29476400 18187822 7996313 6842887 13199224 5611324 8636502 19773911 8314318 2185789 9519105 7237886 3128120 16765240 27278750 20005194 10156041 27476075 22055840 13313533 4108970 2337170 13143401 5616306 12473859
10837699 17885104 10699492 10837699 9664421 14818656 27452321 16238891 9215418 15313834 20720638 25609232 13236927 2574685 8896679 17402354 23646186 18420750 26909698 25961342 5940977 10170656 16070641 2428955 3339801 2776176 17384886 10170232 9478102 9229006 1811706
10589716 26731829 10589716 29418674 25254891 6336704 26020561 13565079 23814769 19143959 13527055 3949942 6302135 3934470 25705266 14886180 14975681 25847391 26014621 13725148 16633985 21458680 12959333 19159498 10555773 7881629 8830033 9587014 23483884 11283144 12939961
10056135 9930347 6580653 8173938 3972127 10056135 2337170 8585947 10332456 11225280 9851549 18367448 4023968 7572446 9815568 16270725 15165293 3934470 13826998 9853821 2494031 4822740 8265476 20512718 19000366 21512787 25673984 15756940 15183982 20145553 15454812
9517228 21458680 9517228 12937938 4531404 12352559 19383323 29013250 23003754 9519105 27610651 7854909 26934042 28286573 26873475 7069999 29776576 16765240 9110677 21026997 8011411 18385310 6777568 26681593 27473199 23595314 18245119 28993525 29828829 6973618 6362856
