15756940 2
25651225 5
27306244 3
28246529 3
28149515 8
16711147 4
26974535 19
26334698 33
26312521 59
26026878 47
25783381 6
25759877 25
25673984 3
25508281 9
4885483 29
23477249 2
21287714 3
22868967 2
22699200 2
22359960 6
7904497 1
22068772 13
22092237 3
21966778 76
21856422 31
21295344 2
21026997 14
20973779 88
5746230 1
13663655 33
19773911 33
9110677 2
16765240 1
16132982 1
3099188 1
15351587 1
14698433 61
14593040 10
14585531 1
14371888 7
13822800 3
13725148 13
13318277 19
13429400 1
13094641 3
11066553 1
10837699 2
10589716 1
10056135 4
9517228 1
