15756940 27676610 15756940 28268682 13565079 29041274 8173938 24038828 28391456 17200199 29828829 15513325 27284164 20782919 3339801 7345241 19143959 9283070 29417692 5947869 25294990 6973618 12157014 29871790 27711962 9489384 18800337 16329493 2158868 2250191 20004372
25651225 10723826 26979120 25233131 29607672 25651225 29126449 22308823 22997639 28902325 29570118 25219277 25564478 18593241 28276086 28933753 8039504 29058793 27577138 6598228 16915212 28754875 20237796 13863382 23740550 26378453 13071143 10149352 18542723 22890132 10080421
27306244 27127751 4819775 27306244 18087729 6598498 26938002 8913379 27690316 12331102 20381018 21729668 3604213 23824478 27804437 20945602 30196298 14061758 8210017 26026363 16196290 20203594 29439910 10007994 25300727 12198546 3812952 7204632 13636475 13757306 18385310
28246529 10182175 13804295 28246529 22948371 10135437 9519769 19132042 21947936 13164101 28229374 7748618 23780481 10741416 17509382 10309778 13426126 14350183 13287196 9233966 14061758 28104575 20753614 25371451 20262170 16414912 23315689 13763443 14742501 29658352 12898959
28149515 20080635 14318124 1802629 27851300 23398262 12242083 7204632 28149515 24454212 19383323 14196543 18107741 27930029 24879682 29029411 15357953 10293120 9790567 5033209 16335202 4895376 23019707 5010467 16856554 26888243 28112365 15875397 19773911 27263604 9520073
16711147 10242380 16141618 29603817 16711147 5524642 6336704 20664110 29013250 6842887 22480230 12006964 19137218 14572083 22731613 23179024 24889243 23814769 14820924 27613221 18087729 10332456 17200199 26586441 27448612 11226623 14403114 7438852 8217855 21628045 21754560
26974535 25473849 8830033 5010467 7758283 11665449 5003832 27424311 25764803 5716267 5515545 18785586 28113919 29534832 27857794 8657608 27553051 18858615 24931525 26974535 8354200 6906423 8108179 30038924 24546496 23648626 12475532 28579492 20707056 19773911 3128120
26334698 16270725 6264328 28726668 7572446 23483884 27056835 14975681 1062960 23955837 10036682 6158942 9459461 10470147 28853517 19524311 28214095 11848822 18858615 7909581 8173938 13236927 14818656 24850359 10547631 19131036 28369607 29363289 24792985 17200121 24378231
26312521 28902325 14270863 1331174 14698433 10124202 26979120 4343748 10315850 2889443 25077543 10723826 9110677 18088057 21093731 8346036 25651225 15351587 18372818 4345633 9418032 25233131 20005194 18988842 12352559 12959333 23344915 18107741 8524902 12122069 8108179
26026878 15911161 28402032 26909698 24701679 13979376 14730174 10442846 29990788 12157014 9080034 19712035 15280974 12284294 19008049 15900557 11563848 8298285 26551068 28296839 10626720 13212153 13313533 11143528 19092790 11463675 15357953 18593241 27676610 24755464 27556216
25783381 12048559 14519431 14974836 25808115 16475015 25783381 3011726 12644670 24963825 6336704 14165129 3126330 18502650 25348874 22867311 3126276 14412237 18207292 25499811 7996313 8314318 21919103 21141872 25651225 11258039 8191891 3759440 25792398 17198710 15522765
25759877 9741513 30192917 11256840 19640299 24627440 23181956 11695516 29703739 17572679 28392586 7152840 7447002 3972127 15800027 11504676 13835685 23196574 29052597 17582159 14768128 22547351 29893812 9756399 6537513 25759877 11695949 17057104 29418674 22602066 19950688
25673984 27502648 28178412 25673984 20145553 18088057 8210017 23179024 28853517 26150062 26979120 9885773 9587014 4023968 1062960 7133265 19000366 26689176 12352559 25651225 17697974 10201083 21700655 29554531 29553725 19222029 9459461 18593241 9566568 19405060 23398262
25508281 20237796 28544990 13071143 23049677 16866991 26018320 17454217 8039504 25508281 26681593 29128913 23417650 30065288 9561295 28579492 12044694 18800337 29050895 29670891 5040886 27089048 26378453 14318124 8534442 18552884 8298285 11757962 11665449 11561789 23071450
4885483 12133756 24171643 25548594 13863153 8710719 22014605 8830033 21668919 13429400 21763735 5746230 12378702 18227938 29277173 29753604 10293120 4596196 13936858 27448612 19172446 20849681 24792653 2312849 11941506 1802629 22045184 6946213 4277734 4885483 14999877
23477249 11696071 23477249 7447002 20302456 23573828 23032662 12224747 16099400 3972127 11695949 15351587 15027936 14646298 22868967 14340481 22890132 15800027 9741513 19599037 7152840 13822800 23562297 20005194 5253324 6302135 11017055 1811706 30065288 9561295 29554531
21287714 22045184 30099409 21287714 29932956 23670452 28369607 16919751 25096737 30196298 12319560 8710719 8625071 8976367 21100247 25053255 12262801 24811590 10182175 4185665 11120985 23057200 11244402 23298164 28726668 26758093 26026363 6264328 29642381 27577138 14441545
22868967 20938016 22868967 25053255 2531421 29970869 18868920 16099400 5253324 20005194 4580322 14974836 11017055 14795561 9290774 6713885 5804269 25943701 23477249 3802437 6146384 20874859 8643878 26737853 14882820 28327389 9840521 4256988 25561123 12352559 21480212
22699200 3454829 22699200 8458663 28094040 15760022 29875768 17457922 7850979 14953787 26991839 7204632 2955043 12649445 4387820 12553019 2543052 6707287 6176918 24931525 6494614 10834577 6666133 10417075 24879682 7847645 7884508 3197790 23019707 7949373 9790567
22359960 17813425 13521523 27013971 15811210 10153724 22359960 11463675 15357953 13212153 26551068 20645671 23825591 26026878 29614975 24378231 11794297 4734018 7616169 20496426 7965122 16070641 25442298 26909698 13313533 17878091 22609275 14371888 5899383 15911161 15280974
7904497 7904497 7854909 15952128 28753573 4345633 8657608 29172967 11227990 12248635 25217815 22657840 5662094 7438852 4969099 5040886 15165293 3972127 10975913 4314883 8841959 4343748 29654228 15454812 3883131 18667440 16095283 9418032 4108970 27260370 12132193
22068772 8764405 21986551 22154785 11143528 26843814 26551068 9664421 13979376 13565079 3812952 20972914 20801506 22068772 19092790 15811210 9283070 10626720 13318277 9756399 11563848 3759440 1444437 3934470 27556216 9930347 10153724 29614975 18986114 16358863 23483884
22092237 12284294 18088057 22092237 9459461 25666925 12668924 28853517 10315850 6029755 11227990 14698433 12475532 7970231 6158601 8108179 15906165 28268682 20345563 10182175 20715854 9885773 26026363 8248970 24426104 26991839 9889215 5501468 7289766 6942096 13429400
21966778 13565079 24148193 13725148 14371888 3869258 17559629 5792596 19092790 16888539 24378231 20654289 17218444 24291928 9080034 13863153 10977315 3883131 12157014 24747777 3210606 8830033 9566568 3949942 21508058 9756399 27556216 29418674 23483884 7881629 28768466
21856422 21094045 29269408 16715955 17866628 11848822 19787763 7438852 21247965 19099998 8860770 26119232 4345633 7881629 27374200 19031213 18088057 2419144 25764803 15747906 3029151 8362424 21463478 7694907 26334698 24770796 8524902 11890585 25403699 2119347 8522268
21295344 22893263 21295344 25403699 28428788 7616169 24546496 26150062 8314318 4542550 18227938 2574685 1533513 24651441 5746230 20945602 18349900 3810738 8463543 2776176 28328953 17149523 8023977 7668174 8830033 25943701 3812952 22355567 29654228 15552412 9664421
21026997 6777568 29776576 8011411 9517228 29654228 12352559 27610651 8841959 12473859 9519105 19383323 7069999 4314883 21026997 3737882 17200199 12937938 26934042 5616306 29013250 16765240 10568440 18385310 27473199 29570118 4501444 17942636 3126330 16711147 29630944
20973779 9283070 9714731 8093956 20645671 24755464 10988661 28402032 9931587 9664421 9229006 13763211 29633271 13979376 8764405 19092790 7268546 14371888 27065149 14730174 10091654 12157014 13318277 15357953 24263684 18011312 11563848 16329493 26913481 18561121 23812521
5746230 5746230 15091606 10755365 21100247 3171629 4095262 13863153 23389331 29284882 14585531 29417129 8257545 2374823 17967340 20050388 7602943 28056931 26910343 4596196 15905182 24492638 23937743 25618214 5662094 23079236 3126330 23824478 3126276 4542550 14318124
13663655 7524423 30096396 18592129 2694517 11153173 22156155 2295818 29050895 3205231 7848482 28484142 4622821 26912134 22068772 6758587 18868920 4501444 26934042 11124856 22308823 8534442 22719783 27362020 5795948 4014589 29476400 10754492 864624 7023936 7864637
19773911 27612165 29828829 9489384 7345241 3810738 9058430 6973618 20573216 29417692 8879206 12217383 19935824 21921507 27473199 27599607 26934042 28993525 19143959 28268682 13053406 11244402 4100502 10354286 23003754 5947869 8896679 21856422 5611324 24038828 27652091
9110677 20005194 9110677 19091118 8346036 14137042 29935064 9378862 15027936 23909588 14412237 11692497 15479922 3557144 14234546 26910343 15351587 26737853 18183893 23663466 28229374 5925236 14165129 29036831 17151464 21458680 18562280 29970869 26476149 29680205 27502648
16765240 16765240 24931525 6176918 5501468 5616306 9519105 26184322 9517228 8011411 28544990 30226505 20145553 12473859 23735683 12495420 7524423 25371451 29036831 18014217 19383323 6777568 25847391 26873475 12352559 27610651 6778743 29875768 21026997 18385310 18088057
16132982 16132982 16147505 10975913 17402548 23196574 28022552 6158601 9459461 16563760 16856554 8458663 24454212 6323713 29875768 9790567 10634408 6176918 10293120 8636502 8609246 7241562 6233745 9567921 25732649 14340481 16099400 20972914 6951734 28079555 25764803
3099188 3099188 2543052 30226505 23772522 28094040 22699200 9988179 3454829 2955043 10417075 7204632 14631353 29065534 24931525 26991839 2254232 2295818 6666133 1802629 7949373 7884508 9567921 7850979 14953787 7602943 5949091 12041111 14702380 24306528 7847645
15351587 15351587 20005194 28392586 11256840 14973381 7152840 11695949 7001582 11504676 9741513 15800027 14729906 9110677 8346036 17572679 29052597 11695516 23955837 24627440 18498176 19091118 19950688 23344915 20302456 23573828 7447002 6537513 9418032 13863616 30192917
14698433 25077543 1331174 28902325 26312521 18088057 23315689 6146384 8362424 6000116 14270863 14356352 20262170 20729597 28246529 8524902 27374200 14742501 13164101 10182175 19132042 12122069 10968958 9519769 14260060 12898959 10741416 13287196 21085933 12198546 9233966
14593040 29327669 13405231 11378674 27473199 9756399 26979120 29417692 18250964 15141159 14593040 5792596 15140195 7848482 10968958 11066553 22636575 17942636 29828829 11204143 25254891 12053945 2694517 14583022 27651953 20729597 14982820 29654228 27652091 18281253 3093863
14585531 14585531 19234698 25442298 13724571 9840521 22867156 9842189 11046772 3171629 20825684 7867611 9844777 8197354 13343488 15091606 23389331 29417129 29155799 9283070 29395823 10755365 8265476 13863153 25705266 23079236 20381018 8257545 25053255 13185266 9444573
14371888 17218444 26551068 15357953 7616169 8023977 21966778 14371888 26843814 20645671 12157014 26211684 11143528 25442298 9566568 7782303 24263684 19092790 26912134 29614975 22359960 6668574 13979376 27065149 10170232 13532978 11018503 26622721 15911161 7894681 9283070
13822800 13835685 26929718 13822800 11695516 14882820 22890132 8236568 15165293 14729906 25121787 19640299 23196574 12422473 19950688 23955837 7383624 12224747 9741513 22547351 9587014 29349281 14727509 20302456 23573828 6158601 29893812 14646298 15800027 12789735 5089573
13725148 23646186 1062960 4023968 3869258 29418674 24066131 21094045 22212035 16888539 8362424 6842887 16928580 13725148 24885551 24747777 17200199 29041274 17400732 21966778 2531421 19031213 6158942 23483884 3740292 19137218 15183982 3210606 24291928 11848822 8463543
13318277 26843814 13979376 26551068 11143528 8764405 12157014 13313533 19092790 14730174 14371888 17813425 10808436 18011312 24263684 24755464 26909698 9566568 11641512 13318277 9459842 19008049 15357953 28402032 11563848 10626720 27556216 29633271 20973779 10236057 7069290
13429400 13429400 27989224 9790567 5733142 8830033 27448612 25764803 7447002 12429233 17559629 24546496 26295123 7383624 19137218 10293120 22308823 2531421 20849681 29277173 12790778 10918455 18107741 8463543 10975913 28198034 8354200 8657608 5515545 9418032 18088057
13094641 29708928 9459461 13094641 15183982 18572722 24651441 2224275 25442298 20972914 15357953 11882704 5515545 24701679 29266888 15911161 12198546 9999650 11223561 11312331 27534697 24227182 2374823 11794297 10968958 23669423 8346036 14371888 23003542 26843814 19712035
11066553 11066553 12352559 29654228 30038924 18187822 12048559 7996313 29476400 5611324 2185789 6842887 9519105 8636502 13199224 16765240 19773911 7237886 27476075 22055840 8314318 3128120 10156041 5616306 12473859 12053945 12242083 6777568 4108970 28391456 22174682
10837699 17885104 10837699 9664421 14818656 10699492 20720638 15313834 27452321 13236927 25609232 2574685 8896679 23646186 16238891 25961342 26909698 5940977 18420750 17402354 2428955 2776176 16070641 9215418 10170656 3339801 17384886 10170232 9229006 21295344 1811706
10589716 10589716 26731829 13565079 25254891 6302135 13527055 26020561 3934470 3949942 14975681 29418674 6336704 26014621 13725148 19143959 16633985 25705266 12959333 25847391 23483884 8830033 7881629 3093863 23814769 11283144 9587014 28768466 23827062 10555773 24066131
10056135 9930347 8173938 3972127 10056135 8585947 10332456 11225280 4023968 7572446 18367448 16270725 13826998 3934470 15165293 8265476 19000366 2337170 2494031 20512718 21512787 9853821 25673984 20145553 15756940 3812952 27502648 12668924 15454812 15183982 9587014
9517228 9517228 4531404 12937938 21458680 19383323 12352559 29013250 26934042 23003754 9519105 26873475 29776576 27610651 21026997 28286573 7069999 16765240 6777568 8011411 18385310 26681593 27473199 29828829 6362856 22776711 18245119 7854909 28993525 6973618 27612165
