29025848 33
28882438 10
28904400 100
28886579 100
28516003 1
28473565 6
7306901 71
11962836 1
27861446 7
419157 48
27773120 100
27279880 2
27017772 1
5367222 97
26359493 2
24176169 100
10124079 4
16349769 10
25429116 1
25150426 3
24961466 1
23978467 100
23632730 81
15099261 1
23079871 100
22845876 100
23175201 100
19544039 2
22454891 100
21815478 15
20010208 100
21432660 100
11807984 6
15688496 100
3416042 6
19544344 7
6191070 7
19065053 5
19028908 10
18398342 6
12272679 6
17988004 3
17291524 2
16120830 26
8200965 6
15665904 1
13917210 2
11880753 21
10913201 11
9608828 12
