29025848 7303905 8035689 16636320 8120456 6669734 10908696 8814293 8821353 10032758 23992986 3705432 9694598 17833624 6576911 5375026 10908270 14819336 6093254 19544344 3547244 14828670 22668540 28095802 17501750 16901331 12119780 20533636 6844759 21380382 7441214
28882438 25509958 25762900 26386167 14342280 22299659 11307070 24496904 18866767 25809419 28882438 11626934 7155294 23665260 26547195 26004659 29228298 25150426 14528076 21250818 2319072 26682340 20216576 23692701 13080295 7119036 17291524 24568190 17204745 14458402 26647352
28904400 6950251 15256504 12870631 8409290 5234332 18917150 8399355 10753961 11010228 11778836 26490050 24761082 7971264 14972288 24323150 9461752 8743465 18455631 17683204 16511567 23355302 10952415 22149909 21503426 15442039 16120830 11807984 26556268 16380846 21285453
28886579 28513010 27856388 12504910 22283233 15707496 11375075 10895569 12210755 16783592 11869704 12342688 11693929 20750591 23176784 5420756 4878729 15460355 19583177 15310544 29290613 10333933 18244315 21260302 8779076 10978264 14874967 6806087 5457859 28407237 1110913
28516003 28516003 19468394 22973916 19350922 16564678 25429116 14000670 13937078 13682703 16460168 11626934 7865234 22149909 7283902 19528299 7785082 24295389 20056614 15190048 20086441 11313344 10478728 12398398 27991054 8995212 17644961 9954652 5827627 27474415 14816323
28473565 11320360 16040143 28305213 7387328 15221084 28473565 10105469 16691320 17667615 5700003 6931276 6844759 19077043 19009255 28365288 23481994 20216576 7945565 7250334 7269291 7563172 23978655 5803991 23355302 8200965 14536292 7232027 4968852 21599695 19289323
7306901 7184408 8822987 12222557 28502390 28481350 5788092 13740756 5800774 4397036 23264922 20772795 6446662 5428309 3342406 6933187 15163545 24382457 13307500 29119036 27773120 22377730 19289323 11320360 8302194 29186499 3146823 12167465 7660507 9325801 7875949
11962836 11962836 5470700 8938690 19982321 27720187 8914932 21558069 18866767 7283902 20357839 15226853 19526824 26505743 3003373 7999587 12122766 19774616 25850917 21996872 19528299 13240410 4969494 15025434 9843451 28670436 26708980 19022205 7858411 21798650 4952931
27861446 14122929 21996872 26735488 27942454 13009349 4756162 27861446 5501702 7865234 16901331 15025434 24082147 24470026 18420501 24382457 11845918 28670436 3963420 15226853 9767201 20340911 10992144 25850917 17341585 25650857 17368470 11693929 13917167 20604462 13917210
419157 22458657 1299285 8835974 10249646 13287799 12272679 10740020 15221084 21979741 21502979 8822987 10470354 6903049 18413534 20953319 17528820 26063828 3231840 13308820 16691320 10565048 3342406 23726474 17466078 1255717 20830057 15328237 29151684 21331331 12297851
27773120 29119036 14056237 23905903 6394614 19544039 12210755 11398434 8361854 11117433 5803991 28072152 4793324 5257098 11869704 21212214 28481350 11632045 28198336 25396205 1648541 20693249 8551604 13260662 10740020 17129826 17575202 1530419 8399355 8694840 9582631
27279880 9190986 27279880 21072958 24668719 14952712 22371799 5234332 25993430 24982920 15025434 6931276 23930019 12835369 14414838 13740756 23355302 25673071 27827789 10347674 11306688 12259996 28790980 8743465 22545142 17104978 26610517 19857994 7875949 15190048 12122766
27017772 27017772 8531844 6293267 11295538 20357839 6665354 7701749 22725270 20056614 7496508 19526824 16048916 12174650 13792917 15856325 24462146 11383306 5234332 28557851 10565048 13798779 20086441 23395093 1166541 11921501 24568190 17421358 24412028 8302194 7145136
5367222 11566661 11902731 11117433 15665904 18742737 9314947 10754747 10175096 3547244 22248136 26398431 1166541 23905903 22845876 14946441 8264135 21979741 20562102 12122766 20750591 10152537 16511567 1973936 10328294 19289323 20181551 17444501 21037717 17178147 22545142
26359493 28502390 26359493 27008897 4793324 23866345 9694598 7119036 28753154 13740756 15099261 5788092 17339360 25990524 24030205 14979659 10352977 22235824 22014381 15819308 3547244 7684796 3705432 7184408 16901331 5800774 10908696 25301417 17788316 8199766 23992986
24176169 16421154 21912885 16772698 26668552 16359666 16299502 21228252 12914179 22323486 7254926 28670436 17341585 29258424 26014528 6933187 25650857 18789343 27720187 7149436 17368470 25747143 16105277 17320776 13917210 16853625 12602982 10648063 22371799 5603933 22021178
10124079 21427762 16564678 15483477 10124079 7419476 23414752 24078175 1643566 13560964 20056614 7283902 10772880 13067549 20630597 12173306 29224033 13023502 9751502 1075946 19929631 22021178 4052083 13911545 3150607 28862109 25236817 19028908 20010208 23176784 22974381
16349769 583118 1201768 15633831 6945718 2721536 24176169 9582631 7486143 23718835 16349769 14442404 8048652 19857994 13560964 20010208 17908498 13911545 3231840 1388924 15099261 13455802 21250818 18889618 11762928 14952712 11335863 19929631 10992144 23380504 20075641
25429116 25429116 27827789 10347674 19350922 16110000 28695786 7865234 22447540 3587025 11632045 16564678 28633313 22111709 13027566 22942493 24704030 7858411 16087791 21072958 27059065 14000670 11306688 8441269 23355302 10546281 8584229 17134900 12045088 3973179 10767853
25150426 9843451 7785082 25150426 27674705 23275713 29186499 3146823 1973936 19502401 26682340 7155294 3458824 21103990 14717109 12629215 21427762 11398434 13986835 21250818 19009255 13392891 19065053 24939833 22973916 7205742 9799494 13240410 26941740 13800173 19544039
24961466 24961466 10735204 8399355 22816323 16056224 8712648 22256756 9369941 6155615 23355302 13353070 14247663 14822218 11010228 11690425 9964880 14711105 12272679 9374540 1480151 24294279 16023743 14518248 22302724 13174048 15299898 15707496 26571590 7149436 7999587
23978467 19468394 10620970 19350922 313598 2214755 23658745 2439551 29279550 10767853 13799301 23996095 19618128 28519355 7033929 7858411 16173181 27059065 3702083 22824711 16085734 20750591 19619882 16092068 8822987 18413534 12914179 3963420 26063828 17162417 19645117
23632730 12056828 6191070 14247663 1166541 5603933 1201768 19028908 8399355 7853145 21253757 5300174 19544344 9325801 20260028 24382457 9332059 10735204 12915434 20703450 7240771 23905903 27693048 17497544 7071057 6583190 14056237 20615173 13174048 27720187 7190170
15099261 15099261 18866767 15173398 2757287 23626589 2808093 11970124 13455802 26505743 3003373 8850317 23079871 13067549 15483477 23355302 10313736 11208719 11626934 24382457 23654673 17466078 19350922 7419476 15025434 7155294 26547195 16056224 24374662 18538731 16853625
23079871 22399759 12899844 13009349 22498983 10032758 1859313 14819336 28095802 17501750 22952372 15099261 26610517 2362142 18866767 12504910 1088370 17339360 23626589 16255663 17368470 21161649 1804145 13917210 27008897 14952712 28042858 22763388 11970124 1104604 25301417
22845876 10269226 15840388 21427762 9694598 23414752 17104978 21161649 22454891 16978848 21936750 26403385 18827171 19289323 26014528 7875949 21854680 6270486 19357401 17178147 13798779 12777852 24382457 20693249 27991054 26571590 11902731 13260662 6646193 25712243 12112353
23175201 5257098 21628277 13717632 13602893 22041440 9665209 27920274 15025434 20075641 15173398 26004659 22323486 2677704 17104978 20216576 24585315 20053936 15483477 16110000 23905903 16987389 13513507 28633313 12835369 21427762 10992144 18492137 25993430 3963420 20010208
19544039 19515882 19544039 7496508 29119036 27773120 11632045 10620970 12056828 15189773 8361854 12210755 7482505 18448437 7089206 8654691 12216242 6702708 21257154 20615173 19281374 5803991 5583757 1648541 9931852 11778836 2636791 21212214 17908498 9081898 6933803
22454891 21427762 14315938 19917165 16110000 16853625 22371799 13240410 16564678 10216274 24382457 8048652 8822987 25236817 13986835 23414752 13217759 29321599 19774616 13023502 21628277 22021178 24585315 20575244 22845876 14000670 16646830 25747143 16105277 21936750 27784320
21815478 8399355 1480151 20130129 29014346 18260990 23877586 1153836 5375026 22229718 3082863 8938690 14773908 15299898 4196853 21815478 12629215 9992609 11018446 10952415 24294279 16380846 6099696 26735994 26631699 15316893 24323150 26030886 1255717 26490050 24761082
20010208 13027566 13740756 13560964 5420756 20216576 13717632 13602893 19929631 26004659 18985927 21427762 13917210 23692701 29224033 21936750 9582631 21628277 18789343 20053936 23414752 28064033 29228298 424603 11330370 5603933 19028908 28494575 18866767 23380504 29321599
21432660 23463341 20005664 6935748 2362142 7076305 21996872 20354281 7419476 16691320 17502969 11962836 22371799 19929631 26273159 15450296 21899054 1643566 14345426 24078175 6498742 28670436 21427762 19502401 17965966 23395093 4952931 20084543 13917210 1279465 13240410
11807984 10002910 13260662 20705980 8822987 26421836 11807984 11566661 13726318 29119036 27773120 8361854 13217658 4827735 6448724 10152537 28072152 10754747 6844759 6449287 19573922 11117433 17285348 3231840 14056237 20340911 28899094 10313736 26735994 26631699 12393869
15688496 13917167 12107615 13917210 17305571 13174048 12835369 24462146 6184122 9751502 16255663 15190048 20575244 9767201 6293267 27225596 11398434 7283902 20788358 13205251 16380846 16023743 13986835 6669734 24380752 11632045 12398398 12602982 14000670 18985927 7164340
3416042 3413461 3405219 3329121 3337307 3317529 3416042 23692701 7770045 5603933 16359666 16299502 24407290 9374540 7190170 11330370 29186499 3146823 15483477 9384024 424603 19028908 19645117 2721536 12297851 24939833 11294666 23632730 11626934 11010228 11335863
19544344 22668540 28095802 17501750 3705432 1104604 14828670 19544344 12899844 10032758 7684796 13768505 3547244 16704595 9535283 16901331 1859313 5375026 11318257 13703041 7119036 15078529 9694598 22399759 6093254 18138280 21347366 27008897 26610517 21423655 7539013
6191070 11010228 21503426 23355302 8712648 18455631 19645117 6191070 10735204 17444501 9461752 21558069 5800774 8399355 17144964 14946441 421020 13353070 25593292 10814960 24323150 14972288 15310544 16295573 26490050 24761082 24294279 21486727 12837986 26429165 11385419
19065053 7496508 8264818 9862194 13798779 19065053 22371799 6248124 6131255 16853625 12785208 26556268 2923934 13094063 7785082 25772655 18664556 6935748 9046716 9772025 7033929 6862940 26014528 6765163 12763049 6978700 13975312 18237215 15256504 1153836 23866345
19028908 14529285 21253757 12837986 10758908 10214600 17424286 24994704 20130129 24668719 19028908 26429165 3675972 11188219 11429486 13538031 22256756 26437333 17134900 583118 21299096 23930019 27219852 424603 25323581 20705980 21037717 14946441 12928205 26735994 26631699
18398342 13028415 14405062 22048071 8866390 23355302 18398342 16772698 492457 10269226 15099261 12359182 8850317 17575202 18538731 12673216 7693856 11566661 19538121 26270795 7660507 21377253 10313736 6953469 24382457 12709424 6337851 15253159 8531844 16421154 13156012
12272679 21072958 24961466 22458657 23965069 23395295 12272679 9369941 26571590 21037717 27059065 22302724 15056751 6155615 8441269 17502969 12077692 15057580 16873141 7149436 22325006 25593292 12837986 21281407 21899463 8995212 9992609 26429165 15469373 5800774 28096929
17988004 2051329 25136234 17988004 20130129 24994704 26490050 24761082 9325801 21456741 17341585 6191070 5603933 24323150 13400748 9369941 16050280 23905903 23355302 17444501 26429165 17320776 8399355 424264 11269639 14822218 22829082 24177273 27529574 24591898 421020
17291524 11626934 17291524 25509958 14528076 25762900 14458402 24496904 7904667 13625740 26547195 25809419 11307070 18866767 29186499 3146823 14342280 23665260 7155294 17270056 3406578 13080295 21250818 19952173 20216576 23692701 25150426 29228298 24568190 28882438 13717632
16120830 28904400 13798779 6950251 15099261 3308939 15665904 9862194 22248136 16050280 19503384 27136131 27115009 13064406 5234332 8409290 6862940 17466078 21257154 12167465 21558069 26014528 14828670 10261967 12056828 8213777 16120830 21103990 5800774 17104978 28670436
8200965 24208102 4712494 13498948 13551944 13027566 8200965 10152537 15325546 18561498 9608828 14926631 11383306 4788576 15794116 19465880 20010208 11996006 13353070 10512404 24672737 23655326 15381045 10026588 18146133 25038424 6945718 13582523 26490050 24761082 11429486
15665904 15665904 16897934 9332059 22545142 22845876 5367222 5827627 11117433 10992144 22229718 14529285 7252870 21456741 6191070 19765056 13064406 12272679 25323581 10261967 27567217 7240771 12297851 24994704 18419795 26063828 11207957 12629215 10152537 5563845 19163045
13917210 12122766 13917210 26708980 4952931 13917167 21899054 20772795 19022205 19152023 27720187 21936750 26505743 3003373 18866767 7283902 23079871 24171195 8914932 11962836 28670436 19526824 5470700 23463341 21103801 18538731 11970124 21558069 7999587 23626589 7419476
11880753 3231840 13392891 28695786 8230045 20615173 9571377 13156012 9996169 15665904 14773908 13217759 21037717 19857994 18664556 13800173 17341585 12297851 3702083 11566661 27674705 11880753 11902731 12501924 26969188 12272679 8822987 13358758 19502401 16163964 24568190
10913201 16636320 22942493 17104978 9081898 10562565 20703450 24568190 596696 12389066 6950251 10913201 11365672 22578486 14066664 19116867 15910713 25794801 11363393 14342280 4132749 19765056 23079871 22845876 11690425 13648863 23650843 26063828 29313505 11736419 19619882
9608828 28407237 9321693 26398431 8652664 21172794 21257154 9369941 6087680 6032771 1902422 14718160 9608828 20893480 28362532 11493357 11350380 5182379 12626454 7441838 3308939 24188142 24208102 25711318 25599463 23930019 6337851 12119780 3471907 26030886 28096929
