29025848 22
28882438 7
28904400 1562
28886579 375
28516003 1
28473565 6
7306901 64
11962836 1
27861446 6
419157 43
27773120 1449
27279880 2
27017772 1
5367222 91
26359493 1
24176169 1509
10124079 3
16349769 6
25429116 1
25150426 3
24961466 1
23978467 1256
23632730 93
15099261 1
23079871 650
22845876 314
23175201 1760
19544039 1
22454891 1102
21815478 14
20010208 1380
21432660 917
11807984 5
15688496 271
3416042 4
19544344 6
6191070 6
19065053 4
19028908 8
18398342 5
12272679 4
17988004 1
17291524 2
16120830 23
8200965 3
15665904 1
13917210 2
11880753 10
10913201 6
9608828 10
