29025848 7303905 16636320 8120456 23992986 10908696 17833624 8814293 10032758 3705432 9694598 14819336 5375026 3547244 19544344 6669734 22668540 10908270 17501750 28095802 16901331 6093254 29025848 6337851 7119036 1104604 22014381 6576911 15856325 16691320 20533636
28882438 25762900 25509958 26386167 14342280 22299659 24496904 28882438 18866767 25809419 11307070 7155294 23665260 26547195 11626934 29228298 26004659 25150426 14528076 21250818 26682340 2319072 17291524 13080295 23692701 24568190 20216576 7119036 17204745 14458402 26647352
28904400 6950251 15256504 12870631 8399355 11010228 18917150 11778836 8409290 24761082 26490050 5234332 7971264 10753961 18455631 24323150 9461752 17683204 23355302 8743465 21503426 22149909 16511567 10952415 14972288 16120830 16380846 26556268 11807984 10735204 15442039
28886579 28513010 27856388 22283233 15707496 12504910 11375075 12210755 11869704 16783592 10895569 11693929 20750591 19583177 23176784 5420756 12342688 4878729 15310544 29290613 21260302 15460355 6806087 10333933 8779076 14874967 5457859 28407237 10978264 18244315 10274357
28516003 28516003 19468394 16564678 19350922 25429116 22973916 14000670 13937078 13682703 11626934 7865234 16460168 22149909 7283902 19528299 20056614 20086441 15190048 24295389 12398398 17644961 11313344 8995212 10478728 7785082 27991054 9954652 7205742 27474415 5827627
28473565 16040143 11320360 28305213 7387328 10105469 28473565 16691320 5700003 17667615 6844759 6931276 19009255 7945565 20216576 7250334 19077043 7269291 7563172 28365288 5803991 23978655 8200965 23355302 23481994 4968852 14536292 15078529 19289323 24205646 21599695
7306901 7184408 12222557 8822987 28502390 28481350 5788092 13740756 5800774 23264922 20772795 3342406 6446662 4397036 5428309 24382457 6933187 22377730 13307500 29186499 3146823 19289323 7660507 11320360 12167465 8302194 15163545 29119036 27773120 14979659 2025590
11962836 11962836 5470700 19982321 8914932 27720187 8938690 7283902 18866767 21558069 19526824 20357839 15226853 3003373 26505743 7999587 12122766 19774616 19528299 25850917 13240410 4969494 21996872 15025434 9843451 28670436 26708980 19022205 7858411 21798650 4952931
27861446 14122929 26735488 21996872 13009349 4756162 27861446 5501702 7865234 16901331 15025434 24082147 24470026 24382457 18420501 11845918 9767201 28670436 3963420 20340911 25850917 10992144 15226853 25650857 11693929 17341585 17368470 13917167 20604462 13917210 20216576
419157 8835974 10249646 13287799 10740020 12272679 22458657 8822987 10470354 6903049 21502979 20953319 17528820 18413534 3231840 26063828 23726474 16691320 13308820 10565048 15328237 17466078 3342406 20830057 1255717 29151684 21331331 2789062 12297851 7345027 19765056
27773120 29119036 23905903 6394614 19544039 12210755 11398434 8361854 11117433 5803991 28072152 5257098 11869704 28481350 4793324 11632045 21212214 1648541 8551604 1530419 17129826 17575202 13260662 10740020 20693249 8399355 9582631 7482505 17908498 20884694 27693048
27279880 21072958 27279880 24668719 22371799 14952712 9190986 5234332 24982920 25993430 15025434 23930019 12835369 6931276 23355302 25673071 13740756 11306688 10347674 27827789 22545142 14414838 17104978 28790980 19857994 11778836 8743465 11632045 12122766 14315938 12259996
27017772 27017772 8531844 6293267 11295538 20357839 6665354 20056614 7496508 22725270 19526824 15856325 16048916 13792917 24462146 12174650 5234332 28557851 10565048 11383306 20086441 17421358 11921501 24568190 7145136 24412028 23395093 10914216 12919424 8302194 7306901
5367222 11566661 11902731 10754747 11117433 18742737 9314947 15665904 3547244 22248136 10175096 23905903 26398431 8264135 22845876 20562102 16511567 20750591 1973936 10328294 12122766 1166541 20181551 19289323 19281374 14946441 8361854 17178147 17444501 21037717 10002910
26359493 26359493 27008897 23866345 7119036 9694598 28502390 28753154 15099261 13740756 14979659 17339360 24030205 4793324 5788092 22014381 3547244 15819308 7684796 22235824 3705432 16901331 10352977 5800774 17788316 10908696 14819336 7184408 23992986 8199766 25301417
24176169 16421154 21912885 22323486 16772698 26668552 28670436 16359666 16299502 7254926 12914179 21228252 26014528 17341585 29258424 25650857 18789343 13917210 7149436 16853625 13917167 27720187 16105277 25747143 6933187 23654673 17320776 17368470 20053936 12602982 11897303
10124079 21427762 15483477 10124079 16564678 7419476 13560964 23414752 20056614 24078175 7283902 1075946 20630597 12173306 10772880 1643566 29224033 9751502 13023502 19929631 13067549 28862109 19028908 20010208 22974381 22021178 4052083 13911545 3150607 11294666 25236817
16349769 583118 15633831 1201768 23718835 6945718 16349769 24176169 9582631 2721536 14442404 8048652 13560964 20010208 19857994 13911545 1388924 3231840 23380504 19929631 15099261 13455802 17908498 18889618 11762928 21250818 14952712 10992144 11335863 20075641 7486143
25429116 25429116 10347674 27827789 19350922 16110000 28695786 7865234 22447540 11632045 3587025 16564678 28633313 22111709 22942493 13027566 24704030 7858411 16087791 21072958 27059065 14000670 11306688 8441269 23355302 8584229 17134900 12045088 3973179 16091206 28516003
25150426 9843451 7785082 25150426 27674705 29186499 3146823 1973936 19502401 26682340 7155294 21103990 3458824 23275713 14717109 21427762 12629215 11398434 13986835 21250818 19065053 19009255 7205742 22973916 24939833 13240410 26941740 13392891 19544039 9799494 19470903
24961466 24961466 10735204 8399355 22816323 16056224 8712648 9369941 22256756 6155615 23355302 14822218 11010228 14247663 13353070 11690425 9964880 14711105 12272679 9374540 24294279 1480151 14518248 22302724 16023743 15707496 15299898 26571590 7149436 7999587 13560964
23978467 19468394 10620970 19350922 23658745 29279550 313598 2439551 10767853 2214755 23996095 13799301 19618128 7858411 28519355 27059065 16173181 7033929 3702083 22824711 16085734 20750591 19619882 18413534 8822987 3963420 12914179 26063828 17162417 19645117 7149436
23632730 6191070 12056828 14247663 5603933 1166541 8399355 1201768 21253757 19028908 7853145 5300174 9325801 9332059 10735204 20260028 24382457 20703450 27693048 7240771 12915434 19544344 23905903 7071057 17497544 6583190 8010663 20615173 27720187 26556268 22447540
15099261 15099261 18866767 15173398 2808093 2757287 23626589 11970124 13455802 3003373 26505743 8850317 23079871 15483477 23355302 13067549 10313736 11208719 24382457 11626934 23654673 17466078 7419476 15025434 19350922 7155294 26547195 16056224 18538731 16853625 15450296
23079871 22399759 12899844 13009349 22498983 14819336 10032758 1859313 17501750 28095802 22952372 15099261 18866767 2362142 1088370 17339360 12504910 23626589 16255663 26610517 17368470 1804145 21161649 13917210 27008897 14952712 11970124 28042858 1104604 22763388 18377990
22845876 10269226 15840388 21427762 23414752 9694598 17104978 21161649 22454891 21936750 16978848 18827171 26403385 19289323 26014528 21854680 6270486 19357401 17178147 7875949 24382457 27991054 12777852 11902731 26571590 20693249 8850317 13260662 12122766 12112353 11499040
23175201 5257098 13602893 13717632 21628277 9665209 27920274 22041440 15025434 20075641 15173398 2677704 26004659 17104978 22323486 20216576 24585315 20053936 15483477 23905903 13513507 12835369 28633313 10992144 16110000 18492137 16987389 25993430 21427762 3963420 20010208
19544039 19544039 19515882 7496508 29119036 27773120 11632045 15189773 8361854 12056828 10620970 7482505 12210755 7089206 8654691 12216242 18448437 21257154 20615173 19281374 1648541 9931852 5803991 17908498 2636791 5583757 11778836 8887989 21212214 10753961 27991054
22454891 21427762 19917165 16110000 16853625 14315938 22371799 13240410 16564678 8048652 10216274 13986835 25236817 8822987 24382457 19774616 29321599 23414752 13217759 13023502 22021178 21628277 24585315 20575244 14000670 22845876 16105277 25747143 16646830 22302724 27784320
21815478 8399355 1480151 18260990 29014346 1153836 22229718 5375026 20130129 14773908 15299898 12629215 3082863 9992609 21815478 11018446 4196853 10952415 16380846 24294279 26631699 26735994 8938690 26030886 24761082 26490050 6099696 12928205 24323150 15665904 25042070
20010208 13027566 13560964 13740756 5420756 19929631 18985927 21427762 20216576 13717632 13602893 26004659 13917210 29224033 18789343 23692701 28064033 21936750 20053936 9582631 23414752 21628277 19028908 11330370 28494575 424603 23380504 5603933 29228298 12398398 11335863
21432660 23463341 2362142 7076305 16691320 20354281 19929631 7419476 22371799 11962836 21996872 26273159 14345426 15450296 1643566 21899054 1279465 24078175 19502401 17502969 6935748 21427762 20084543 17965966 4952931 9763734 28670436 8850317 13917210 6945929 13240410
11807984 10002910 20705980 8822987 11566661 11807984 13260662 26421836 8361854 13726318 13217658 29119036 27773120 10754747 6448724 6844759 28072152 3231840 20340911 4827735 19573922 10313736 28899094 26631699 26735994 7253200 11117433 14351409 6449287 29228298 12398398
15688496 13917167 13917210 17305571 12107615 12835369 24462146 6184122 9751502 16255663 13174048 15190048 20575244 6293267 11398434 9767201 27225596 7283902 20788358 16380846 13205251 13986835 12398398 11632045 6669734 18985927 16023743 14000670 12602982 7164340 24380752
3416042 3329121 3337307 3317529 3416042 23692701 5603933 7770045 16359666 16299502 24407290 9374540 7190170 11330370 15483477 424603 9384024 19028908 29186499 3146823 2721536 19645117 12297851 11294666 24939833 11626934 23632730 13560964 11018446 13045997 11010228
19544344 22668540 17501750 28095802 3705432 1104604 19544344 12899844 13768505 3547244 10032758 7684796 16704595 5375026 16901331 9535283 1859313 11318257 7119036 9694598 15078529 22399759 13703041 6093254 18138280 21347366 27008897 21161649 14828670 24082147 23079871
6191070 11010228 21503426 23355302 18455631 8712648 6191070 19645117 10735204 17444501 9461752 21558069 5800774 8399355 17144964 14946441 421020 13353070 25593292 10814960 24323150 14972288 24761082 26490050 16295573 15310544 24294279 21486727 12837986 26429165 16255663
19065053 7496508 8264818 9862194 19065053 22371799 6248124 6131255 16853625 12785208 26556268 13094063 18664556 2923934 25772655 7785082 7033929 9772025 9046716 6765163 26014528 1153836 6978700 18237215 12763049 6935748 11780504 23866345 15256504 13975312 24568190
19028908 14529285 21253757 10758908 10214600 12837986 17424286 24994704 19028908 24668719 26429165 3675972 11188219 11429486 20130129 13538031 26437333 583118 17134900 22256756 23930019 27219852 21299096 424603 25323581 21037717 20705980 26631699 26735994 23414752 12928205
18398342 13028415 14405062 22048071 23355302 18398342 8866390 16772698 10269226 15099261 12359182 8850317 492457 17575202 18538731 7693856 11566661 19538121 26270795 6953469 7660507 10313736 6337851 24382457 12673216 15253159 21377253 8531844 16421154 13156012 25415384
12272679 21072958 24961466 22458657 12272679 9369941 26571590 23395295 22302724 21037717 27059065 15056751 6155615 8441269 16873141 15057580 17502969 22325006 25593292 7149436 12077692 21899463 9992609 8995212 12837986 26429165 21281407 5800774 28096929 22371799 15469373
17988004 17988004 25136234 24994704 9325801 20130129 21456741 24761082 26490050 17341585 5603933 6191070 23905903 23355302 9369941 17444501 17320776 11269639 26429165 16050280 24323150 8399355 27529574 24591898 26631699 26735994 14822218 14711105 6583190 9430692 23632730
17291524 11626934 17291524 14528076 25509958 14458402 25762900 24496904 7904667 29186499 3146823 13625740 26547195 11307070 18866767 25809419 14342280 17270056 7155294 23665260 13080295 19952173 3406578 21250818 20216576 25150426 23692701 29228298 24568190 28882438 13717632
16120830 28904400 6950251 15099261 3308939 15665904 22248136 16050280 19503384 9862194 27115009 27136131 13064406 5234332 17466078 8409290 21257154 12167465 26014528 21558069 10261967 12056828 8213777 16120830 21103990 5800774 17104978 28670436 23567848 7202772 17815924
8200965 4712494 13027566 8200965 18561498 9608828 4788576 14926631 11383306 15325546 20010208 15794116 11996006 10512404 13353070 15381045 24672737 10026588 23655326 25038424 6945718 18146133 13582523 24761082 26490050 11429486 12045088 1052862 6498742 2083159 10681283
15665904 15665904 9332059 22545142 5367222 22845876 10992144 11117433 14529285 16897934 22229718 5827627 7252870 21456741 13064406 6191070 12272679 19765056 27567217 10261967 25323581 7240771 12297851 18419795 24994704 12629215 11207957 5563845 11880753 21253757 23632730
13917210 12122766 13917210 26708980 13917167 4952931 20772795 21899054 19022205 19152023 27720187 21936750 18866767 24171195 23079871 3003373 26505743 5470700 23463341 7283902 28670436 19526824 11962836 8914932 11970124 18538731 23654673 21103801 7419476 7999587 23626589
11880753 28695786 20615173 8230045 3231840 13800173 13217759 18664556 19857994 13156012 11880753 15665904 11902731 14773908 21037717 13392891 3702083 9996169 12297851 22597446 27674705 17341585 11566661 13358758 12501924 19515882 12272679 22046206 8361854 9332059 11398434
10913201 16636320 22942493 17104978 20703450 596696 10913201 24568190 12389066 10562565 22578486 15910713 6950251 19116867 9081898 11365672 25794801 19765056 23079871 14342280 4132749 22845876 11363393 23650843 14066664 13648863 9694598 15328237 26063828 5802274 11690425
9608828 28407237 26398431 8652664 21257154 21172794 9369941 9321693 6032771 6087680 9608828 14718160 28362532 1902422 20893480 11350380 12626454 5182379 7441838 3308939 11493357 24188142 25711318 23930019 6337851 25599463 26030886 28096929 3471907 12119780 1512112
