28979301 19
18008999 9
2391758 57
28650774 8
28565090 4
1844194 6
27277265 14
5256278 6
26908873 52
26816014 21
26498013 3
26142980 3
25973175 12
24914108 18
5327978 3
4241480 2
16758271 8
24412795 2
17011854 22
24200342 4
24135352 15
24096227 17
23916012 8
9103495 6
23711183 81
23438438 13
23430775 1
23125584 2
23083694 40
23107099 5
23065464 88
23030329 4
22845513 8
19842843 75
22469210 48
22355402 51
22192410 12
11215841 3
6634315 2
21881997 98
21945600 38
20190785 45
22659523 100
7900503 100
3656762 1
22811124 100
23430775 1
23537963 1
18885764 1
23938894 1
