28979301 28143169 24696951 24734359 18735732 23077222 28949005 16758271 3452162 23931543 4794673 26933374 17798300 21964601 27805433 24975599 3347112 23306915 26554700 28979301 19465448 25181489 26105318 24792837 25686387 23777276 26033408 22713653 24278627 28308645 22425401
18008999 17625385 23931699 22907008 22916319 26944216 3656762 24096227 24244477 18008999 24403993 22870970 24145688 14153802 24669291 1532428 28141396 25759985 23628219 24831839 27560110 23175560 5391840 23382234 22540518 27395157 27963319 4968732 6634315 24758247 27681858
2391758 2599973 24403747 28123712 24947122 20517348 28869298 23077222 26933374 25134073 12889221 24696951 26105318 28949005 27056663 21163075 27926957 28143169 23147989 18735732 23612520 28317331 27763748 26554700 22941773 24381623 26304418 4794673 16758271 22356354 21964601
28650774 26845079 28467886 28075640 14559297 23386932 24447193 15285117 28650774 27603164 26869520 26558649 9935177 9103495 1673572 25851312 22337026 21934259 18237489 4100926 27907858 24330707 25822666 24267860 23083694 20075894 22919264 24629732 27985349 17798300 23238022
28565090 2631206 28346023 21258531 28565090 25143080 28699963 24369640 28470342 24076439 4682829 22078669 28587401 26497068 25495244 23014175 27624859 737275 23258310 25798832 25341920 22133073 28855847 26925811 25188611 24962475 27847707 27501433 24305215 24882196 17522272
1844194 8845655 24367704 21783193 24661594 3354084 1844194 23508281 655393 16784938 24660800 23146054 27277265 28308645 23266908 13500066 1960333 9187090 27663301 27620833 5924937 24129312 5776519 23481004 12186911 27142001 26308261 25515892 28544525 26394765 27399266
27277265 28793319 22564763 24200809 27142001 27399266 25352828 25392036 20775656 24968697 23347496 15068257 24362322 1844194 27277265 26945217 16966287 26842819 24157092 28739679 26805297 17204933 23711183 23087288 23469233 25475641 23481004 22662704 27107027 21849811 23300552
5256278 24882196 23356890 120180 24170447 26301189 5256278 23305878 26604313 27033975 27410253 5254599 26191706 25476399 28204012 9806103 29055400 28503714 26700951 24223475 23074690 25849198 3656762 12215537 28312421 22609100 25569630 25504935 24868603 3612761 28878437
26908873 22609964 28753671 26758196 27039764 28452690 20975573 28123712 22812966 25979112 24056987 25931485 28136909 24936866 24611539 27795177 24613555 16011833 2768770 24451864 18277609 6514764 27860386 23888599 28010172 28516208 22802959 28761545 27064557 24448635 25721592
26816014 1165488 26031299 28221447 25841494 28094280 22801527 26285621 20204726 25061951 23761876 3130908 22198260 28993991 17204933 28958295 27634276 26506122 23454494 28218880 27683038 26816014 21849811 26676420 18131625 15285117 16966287 24260103 22562277 27148277 16458411
26498013 2297794 26945217 26498013 25369347 26857346 24914108 24406694 27192215 27285442 22562277 737275 26506122 28899372 5154366 15589186 22919264 16966287 27634276 28075640 5158138 29030627 28080606 24260103 28544525 25209290 26964272 2661871 5893872 28470342 27172225
26142980 26355450 23777473 26142980 23602779 15292045 20710503 21897984 25392036 25973301 26975816 24475440 23021785 18195367 25987599 10185076 24935417 24792837 22309939 5384423 22254718 27985349 23417456 20976731 27318802 23305878 24234809 18260408 28157328 28075640 25943714
25973175 19789875 26965834 13669256 14559297 22813486 26506122 28556471 28445174 23777276 26951981 25246204 25973175 24185210 26185193 3251245 23802584 26518484 28060955 23711183 27254163 18195367 1053039 28948991 27683038 28739679 28243657 3710089 25793199 28260167 28346023
24914108 24831839 25498150 25392036 23201426 23417456 18260408 27798180 26220515 26447345 9421358 24797334 17439874 23179930 25592349 20651166 28308028 26392425 24914108 23829543 29001649 26436615 28618367 24475440 22744277 20696121 25822666 25851655 28075640 27985349 27681858
5327978 22836757 23639112 5327978 21526151 25914102 20517348 26554700 24089769 24373739 24488462 22978729 25134073 25522860 24622002 22826295 22195708 26105318 27547483 8489590 17921898 19294320 25724704 22614194 23993416 2856427 4241480 15470674 16282911 22569180 27810020
4241480 26976466 4241480 27810020 23078467 25262446 28749789 27683038 24975599 14789591 25822666 25134073 20696121 120180 28831287 2297794 23077222 27798180 20651166 28308028 28784126 27190824 25296748 27373147 28308645 22121373 25498150 15102007 26738069 22425401 15470674
16758271 27068745 28143169 28979301 18735732 25864009 23931543 24696951 16758271 28949005 24975599 4794673 21964601 24734359 23077222 26933374 26105318 24403993 25181489 26304418 24947122 26554700 24792837 26796508 26990061 25096457 24244477 25714455 23916012 28899368 5254599
24412795 27938158 24412795 27201701 13393531 22074974 27649415 21970462 27522072 24394492 26605090 28638933 22614194 8002801 1960333 25623265 23048721 27870559 737275 28401667 25296748 24270545 28254741 22955914 27147960 29041509 14775915 22423450 21783193 28850689 28544525
17011854 27254478 24403993 22471441 22782076 29094802 16758271 25125396 22425401 23484652 24868603 23060366 24282310 21945600 28397446 25798832 27020005 24815879 22540518 22486663 23438438 21828673 17011854 23121571 5391840 25714455 27623564 26531119 5384423 24158843 23426533
24200342 23382234 26930422 23591454 24200342 22916319 14153802 22386160 26261492 22138696 29102810 24758247 21972727 23931699 22870970 4308132 24543770 21945600 17625385 23175560 24145688 4968732 18008999 27039764 24244477 22452101 26128977 8881841 27682264 26759092 23007564
24135352 20075894 23238022 16978431 23014175 24096227 15285117 18237489 27224674 22648993 22468166 22469210 17501001 25077043 28415763 24135352 26507504 28467886 25531525 25979112 24234809 28449760 28243657 25488260 24629732 28856794 27173109 22031329 24734359 25733564 26285621
24096227 16978431 15422485 24135352 22648993 5391840 16890150 23014175 22469210 27814465 2602253 3102895 23591454 25714455 11758619 21945600 27318987 24096227 1942035 22518425 14153802 28761545 26261492 24146661 27039764 27173109 23382234 16683487 18195367 5926775 27169522
23916012 3924543 26537128 17469946 24975599 21988066 24750619 25963268 23916012 5776519 24233193 27509077 27926957 25721320 22804169 23560955 25181489 24718092 21951049 23077222 26700951 24163230 21482390 27763748 25345260 22469210 24825662 26990061 23306915 28123712 16914324
9103495 1942035 27907858 21828673 25952087 27318987 9103495 23612520 26845100 27169522 23208294 23438438 28540259 5391840 14153802 16890150 26101351 25741209 3102895 12473384 25721592 22681798 27254478 1844194 27814465 29021617 27962356 28650774 25243204 760826 24044530
23711183 28260167 23541296 26423045 27190638 28401667 26805297 8845655 24526465 1844194 5776519 22615627 25814445 26586867 22425401 23125584 27377027 10460737 23200643 27942410 23306915 15470674 5374419 22090256 24406694 24779509 25241888 22234489 4241480 23054910 28244961
23438438 21828673 23484652 17011854 23426533 24815879 21945600 24096227 5391840 25714455 27417433 27623564 27254478 23438438 23802584 24146661 22687838 23462615 14153802 18209615 22614095 9103495 17625385 23382234 16041502 28899368 29021617 24488462 27464929 23628219 27634276
23430775 23430775 23060366 23200643 26805297 28697041 24617933 21302434 21890090 24602345 16830627 23287431 22865059 29143392 24440847 27700063 24547775 1582377 25498150 28260167 23179930 28556471 26423045 28110242 27798180 7211798 22806967 24528036 22633803 24526465 29124513
23125584 23107774 23125584 23711183 26805297 23541296 26423045 28260167 27190638 5776519 28244961 8910008 25241888 22615627 8845655 24526465 28401667 23003796 26490754 24362322 24547775 23382234 21934259 27986498 28987949 27681858 14153802 26740912 5327978 27700063 21959137
23083694 22719547 24436486 24234809 23077222 18195367 23003796 20898541 25803136 18131625 22176323 26211266 26845893 4794673 24466779 25659008 25891596 26842258 28218880 11215841 24021601 24975599 7419064 21963561 21482390 25609589 26705676 28561385 26965954 25609593 25780538
23107099 26965834 24282310 22471441 27172225 23107099 24868603 22767292 23484652 10360120 4308132 22078669 23306915 23287431 12753642 24406694 15068257 26490754 20424893 27109487 21997487 26256150 27681858 23541296 28263382 22949863 21828673 16374965 2391758 27461407 19842843
23065464 20176657 22425401 22105516 23203558 26842674 26857346 23200643 8609453 26294603 24475440 6931413 27685437 27700063 26905510 23967143 22459907 24585283 22223705 2271600 24779509 3037564 26051651 23560333 737275 27461407 28176542 21901499 22946455 3215029 24851325
23030329 25125396 3347112 28026724 23030329 29115156 21482390 28280425 26735365 23541296 15068257 22614649 24410063 16374965 27917547 28260167 28452690 21934259 26436615 28123712 1673572 28271421 24362322 28449760 26077474 27681858 25241888 27838862 27846733 24360291 26508859
22845513 22813486 28075640 29030627 26031299 25077043 21934259 728877 22845513 23179930 1088558 28080606 28060141 21963561 25061951 27285442 16966287 28993991 23761876 23238022 24908098 23003796 24353886 7917317 26816014 25558195 28958295 3130908 24508231 1165488 27634276
19842843 25060240 33956 24691553 24797334 22516991 23125387 23711183 26842819 22204461 28042427 7845337 29001649 22586617 28263382 26142980 23777276 11215841 26780956 18260408 25743600 1053039 120180 27838862 26636284 11506059 24588561 27046350 24406694 24282511 23179930
22469210 24825662 24163230 25947212 22744277 23916012 21482390 26990061 24209003 4682829 3924543 22806967 22804169 26392425 28717528 24696951 22127623 26700951 23221321 5924937 22124824 23083694 26423045 28430037 26500226 23306915 1844194 19465448 27148277 25686387 22811124
22355402 23306915 21482390 25686387 3452162 28979301 25084407 3347112 27805433 17798300 23777276 24369540 24696951 22713653 27509077 28650774 24734359 27838862 10360120 19465448 27842292 24875042 4682829 22078669 15678041 12473384 3251245 24831839 24871572 18862600 25841494
22192410 26636284 10360120 27251922 24431068 27838862 27919702 1844194 24862022 28834588 24815879 25968044 22192410 22386160 25633392 28401667 21849811 23777276 26780956 24406694 27683038 23779163 22562277 26447345 23179930 23802584 23762015 23306915 26586867 27142001 16966287
11215841 25667175 33956 11215841 20983856 24691553 18199475 24282511 11506059 26842819 28060955 28857365 1053039 25415309 25042470 13669256 26334590 25060240 28375271 11613283 22204461 25297846 24797334 25743600 19842843 22912593 7845337 28085744 25523422 19095156 29120369
6634315 2638200 6634315 23007564 25643617 23731503 22907008 24041456 27163073 23931699 26636284 27963319 24211423 17625385 120180 18008999 22819707 22351918 27200351 27624859 4823089 27359013 24244477 25118044 21660102 26944216 24447193 13433670 28546680 20624339 20324016
21881997 23722507 22095542 26349069 2297794 20222652 27768380 27410253 25118044 23159213 27173109 28834588 22138696 27251692 4481555 24718092 27180390 655393 27866339 23059888 3102895 25658424 3354084 27181704 25369347 12107527 25643617 6054488 27606614 24244477 24041456
21945600 24444875 25296748 25686387 26780956 23306915 24508231 24369540 15422485 17125836 28603627 25061970 25714455 8958871 17011854 23426533 5391840 16966287 29150536 22264936 22562277 22198260 24815879 22131184 23054910 27169522 24060427 18862600 22806967 12753642 24157092
20190785 27985349 28075640 26286254 24831839 18260408 24330707 22662704 25382283 20075894 963781 4906202 23179930 28060141 26355450 24797334 10497892 11286712 28856794 17798300 3452162 24692010 26295896 22031329 25891596 18237489 23777473 15589186 23417456 23201426 25809704
22659523 23607235 24410063 22425401 17993960 27846733 24812788 26718303 20696121 24676637 23125387 10460737 24406694 21964601 25715105 10360120 27681858 4968732 18862600 26586867 13930871 10800357 19080925 20651166 25809704 28280425 28260167 23200643 28470342 27251922 23417456
7900503 22425401 27681858 24511287 28899372 24406694 28948991 27838862 22693197 22562277 19914667 963781 10360120 23125387 25633392 23306915 26447345 24636212 24369540 24101240 27603164 15589186 2661871 25296748 26780956 22405851 23200643 25686387 27919702 23394482 737275
3656762 3656762 25247556 26804235 29103144 120180 24354871 24758247 22062286 22938976 27560110 22517748 22726048 13433670 28220935 23258310 28204012 27554180 22665088 22698596 23382177 28587401 9421358 24882196 22600828 17474610 3619784 28312421 23628219 18084022 25569630
22811124 23378822 21194274 23254386 22471441 27454956 28850689 25798832 22949863 27417163 27412481 22337026 28073792 11782783 22609964 20710503 24882196 27609472 27907858 22614649 25125396 18237489 27640644 1088558 28308645 9421358 2631206 28204012 23951097 26742135 26604313
23430775 23430775 23060366 23200643 26805297 28697041 24617933 21302434 21890090 24602345 16830627 23287431 22865059 29143392 24440847 27700063 24547775 1582377 25498150 28260167 23179930 28556471 26423045 28110242 27798180 7211798 22806967 24528036 22633803 24526465 29124513
23537963 23537963 26256150 24661594 14512885 16784938 28407613 28109237 23215747 23306915 12186911 1844194 25104927 16041502 24834477 28820243 25730620 25361795 27919702 25851312 20075894 21855698 737275 26916969 19591917 20222652 2297794 2707055 22444452 650643 28452690
18885764 18885764 22609100 27410253 22819707 22452101 25247556 24244477 27560110 28010172 26604313 5254599 3656762 27251692 23800718 25504935 28503714 27522072 22586617 24868603 23541296 24492147 28692775 25851312 22583294 24519254 26299451 23438438 24543770 25531281 25892857
23938894 23938894 26696286 2271600 27163073 26990061 27181704 3354948 28761545 22744858 24447193 27963319 2032813 6634315 27287300 28141396 22999414 22444452 28639321 26760251 16683487 17660813 27313950 1532428 120180 16177423 4481555 24145688 9806103 25643617 16625104
