28979301 17
18008999 8
2391758 53
28650774 5
28565090 3
1844194 5
27277265 10
5256278 2
26908873 48
26816014 19
26498013 1
26142980 2
25973175 11
24914108 15
5327978 1
4241480 1
16758271 3
24412795 1
17011854 20
24200342 2
24135352 12
24096227 15
23916012 2
9103495 4
23711183 80
23438438 12
23430775 1
23125584 1
23083694 38
23107099 4
23065464 39
23030329 1
22845513 7
19842843 67
22469210 46
22355402 48
22192410 7
11215841 2
6634315 1
21881997 76
21945600 37
20190785 36
22659523 917
7900503 1703
3656762 4
22811124 1956
23430775 1
23537963 2
18885764 1
23938894 1
