28979301 24696951 24734359 3452162 16758271 27805433 17798300 23077222 28143169 4794673 26933374 28949005 24975599 21964601 23306915 3347112 23931543 28979301 19465448 26105318 25686387 25181489 18735732 23777276 22713653 24792837 26554700 24278627 4906202 22425401 25841494
18008999 17625385 23931699 22907008 22916319 26944216 24096227 24244477 18008999 24403993 22870970 24145688 24669291 3656762 14153802 28141396 25759985 1532428 23628219 24831839 27560110 23175560 23382234 5391840 27963319 6634315 4968732 24758247 21583891 3354948 27313950
2391758 2599973 20517348 24947122 23077222 26933374 24696951 25134073 28123712 12889221 24403747 28869298 26105318 28949005 27056663 27926957 21163075 28143169 22941773 27763748 26554700 23147989 18735732 24381623 26304418 23612520 4794673 28317331 22356354 21964601 16758271
28650774 28467886 26845079 28075640 14559297 28650774 24447193 15285117 26869520 27603164 9103495 26558649 1673572 4100926 25851312 21934259 18237489 9935177 24330707 25822666 22919264 27985349 24267860 24629732 23083694 22337026 27907858 20075894 17798300 24949560 23238022
28565090 2631206 28346023 28565090 21258531 24076439 28470342 28699963 4682829 25495244 26497068 28587401 23014175 25341920 22078669 27624859 22133073 24305215 25798832 17522272 25188611 28050168 25814445 24962475 737275 27847707 24190588 25851312 22919264 28948991 29055400
1844194 24367704 24661594 3354084 8845655 1844194 655393 23508281 21783193 24660800 16784938 23146054 27277265 23266908 13500066 1960333 9187090 27663301 24129312 5924937 27620833 5776519 27142001 12186911 26308261 25515892 27399266 28544525 5749632 21607413 20980337
27277265 28793319 22564763 27142001 27399266 25392036 24968697 15068257 24362322 1844194 27277265 16966287 24157092 26805297 17204933 23711183 23469233 22662704 27107027 26286254 21849811 27634276 27798180 28602229 1165488 26031299 28470342 22801527 25973175 5776519 18862600
5256278 120180 5256278 26191706 5254599 23305878 9806103 29055400 25476399 26700951 23074690 28503714 25504935 26604313 28878437 3612761 24056846 25849198 24868603 28312421 22988749 22452101 3656762 22078669 25851312 21783193 27560110 26857346 1960333 22755018 3138928
26908873 22609964 28753671 26758196 28452690 24936866 27039764 20975573 23888599 24611539 22812966 24056987 25979112 27795177 25931485 24451864 18277609 24613555 28136909 27860386 6514764 28123712 16011833 22919264 28010172 22802959 2768770 18084022 25721592 24868603 19839685
26816014 1165488 26031299 28221447 25841494 28094280 22801527 26285621 20204726 25061951 3130908 23761876 17204933 22198260 28958295 27634276 26506122 23454494 28993991 26816014 21849811 28218880 26676420 27683038 18131625 15285117 16458411 24260103 16966287 22562277 26780956
26498013 26498013 2297794 26857346 24914108 26506122 27285442 24406694 22562277 15589186 28899372 27192215 28080606 5158138 27634276 5154366 28075640 2661871 29030627 16966287 24260103 22919264 5893872 28544525 26964272 28470342 23179930 27172225 737275 25719793 24880935
26142980 23777473 26142980 20710503 21897984 25392036 24475440 23021785 18195367 25987599 27985349 23417456 24792837 20976731 22309939 10185076 24234809 27318802 18260408 5384423 28075640 28157328 23305878 23254386 25498150 26323475 24016034 7327375 25832902 26220515 27038522
25973175 19789875 26965834 22813486 14559297 26506122 28556471 23777276 25246204 3251245 26185193 25973175 23802584 26951981 26518484 24185210 25793199 18195367 23711183 28346023 3710089 27683038 27254163 25841494 1053039 5893872 28948991 24362322 29143392 28650774 2606658
24914108 24831839 25498150 23201426 23417456 25392036 18260408 27798180 26220515 26447345 24797334 23179930 28308028 20651166 23829543 24914108 26392425 29001649 28618367 24475440 26436615 22744277 25822666 25851655 20696121 28075640 27985349 27681858 17439874 22121373 16374965
5327978 5327978 21526151 22836757 20517348 25914102 24488462 24089769 26554700 25134073 25522860 26105318 17921898 22195708 27547483 4241480 23993416 22826295 15470674 22614194 27810020 16282911 2856427 27684768 22356354 2391758 22854662 28415057 25724704 25102853 4906202
4241480 4241480 27810020 23078467 28749789 27683038 25262446 24975599 14789591 25822666 26976466 25134073 20696121 120180 28831287 27798180 28308028 28784126 20651166 23077222 27190824 2297794 25296748 27373147 25498150 22121373 15102007 22425401 3060636 15470674 26738069
16758271 27068745 25864009 16758271 28143169 28979301 24696951 24975599 28949005 21964601 26933374 23931543 4794673 18735732 24734359 23077222 26105318 24403993 25181489 26304418 24947122 26796508 26990061 24244477 24792837 25714455 25096457 26554700 28899368 5254599 23916012
24412795 24412795 27201701 13393531 27522072 26605090 22614194 1960333 27870559 25623265 25296748 28401667 737275 27147960 22423450 28254741 21783193 29041509 26394765 28544525 28850689 12499108 24648359 27190638 24403993 2602253 26670231 24896009 23508281 28470342 23711183
17011854 27254478 22471441 24403993 22782076 16758271 22425401 29094802 23484652 24282310 21945600 28397446 23060366 25125396 24868603 25798832 24815879 23438438 27020005 21828673 17011854 22540518 25714455 23121571 5391840 26531119 24158843 27623564 23426533 2555074 25892700
24200342 23382234 24200342 22916319 23591454 14153802 22138696 26261492 29102810 24758247 22386160 23931699 24543770 21972727 4308132 21945600 22870970 24145688 17625385 23175560 18008999 24244477 4968732 22452101 24158843 27682264 23007564 26759092 28899368 27039764 26128977
24135352 23238022 20075894 23014175 18237489 15285117 27224674 24096227 17501001 22468166 22469210 25077043 24135352 28415763 28467886 25531525 24234809 22648993 24629732 25488260 27173109 28856794 26507504 26285621 24734359 25979112 22031329 25733564 25093821 23083694 11506059
24096227 15422485 24135352 5391840 23014175 16890150 22648993 22469210 2602253 27814465 3102895 25714455 23591454 21945600 11758619 24096227 27318987 1942035 14153802 28761545 26261492 22518425 24146661 27039764 23382234 27173109 16683487 5926775 27169522 18195367 27464929
23916012 3924543 23916012 24975599 21988066 24750619 5776519 27509077 24233193 27926957 23560955 25181489 22804169 21951049 24163230 23077222 26700951 25963268 24718092 21482390 22469210 24825662 27763748 26990061 25714455 23306915 10360120 22870970 24936866 27148277 27225425
9103495 1942035 21828673 27907858 9103495 27318987 26845100 27169522 23612520 23208294 23438438 5391840 14153802 3102895 12473384 26101351 25741209 25721592 27254478 16890150 1844194 28650774 29021617 760826 27962356 29102810 25243204 15422485 23484652 24146661 28581784
23711183 28260167 23541296 26423045 27190638 26805297 28401667 8845655 24526465 1844194 5776519 22615627 25814445 26586867 22425401 23125584 27377027 10460737 23200643 15470674 23306915 27942410 5374419 22090256 24406694 24779509 25241888 22234489 23054910 4241480 28244961
23438438 21828673 23484652 17011854 24815879 23426533 21945600 24096227 25714455 5391840 27417433 27623564 23438438 27254478 22687838 23802584 24146661 14153802 22614095 9103495 17625385 23382234 27169522 29021617 28899368 23628219 27464929 27634276 25780538 22726165 3102895
23430775 23430775 23060366 26805297 23200643 24617933 16830627 29143392 23287431 22865059 24547775 25498150 28260167 1582377 23179930 28556471 26423045 27700063 27798180 24526465 22633803 28618367 22806967 27986498 16124917 15244267 25747942 8845655 18694242 26447345 23057359
23125584 23125584 26423045 23541296 26805297 23107774 23711183 27190638 28260167 5776519 28244961 8910008 25241888 22615627 24526465 8845655 28401667 24362322 23003796 26490754 24547775 27986498 21934259 23382234 6054488 21959137 14153802 5327978 17534392 24636212 23802584
23083694 22719547 24234809 24436486 18195367 23077222 23003796 20898541 18131625 25803136 26845893 26211266 22176323 4794673 24466779 25659008 25891596 26842258 28218880 24975599 21963561 11215841 21482390 7419064 24021601 26705676 25609589 25609593 28561385 25715105 25780538
23107099 26965834 22471441 24282310 23107099 24868603 27172225 22767292 23484652 10360120 22078669 12753642 23306915 4308132 23287431 26490754 15068257 24406694 21997487 20424893 27109487 26256150 27681858 28263382 23541296 16374965 21828673 22648993 19842843 5924937 2391758
23065464 20176657 22425401 26842674 23203558 8609453 23200643 26857346 26294603 24475440 22459907 23967143 27685437 22223705 2271600 24779509 27461407 19769610 21901499 26670231 26423045 24585283 28047189 28717528 737275 24492147 27700063 28407613 26101351 24588561 26323475
23030329 23030329 28026724 28280425 21482390 29115156 24410063 16374965 23541296 15068257 26436615 3347112 28260167 28452690 21934259 27917547 22614649 1673572 24362322 27681858 25241888 27846733 27838862 28123712 26735365 21002042 27023049 12753642 24497874 22648993 28271421
22845513 22813486 28075640 26031299 29030627 25077043 21934259 22845513 728877 23179930 1088558 28080606 28060141 21963561 25061951 27285442 16966287 23761876 28993991 23238022 24908098 23003796 24353886 26816014 25558195 28958295 3130908 1165488 27634276 22744858 28782176
19842843 25060240 33956 24797334 22516991 23125387 23711183 28042427 7845337 22204461 23777276 28263382 26780956 18260408 29001649 26142980 27838862 120180 11215841 26636284 1053039 25743600 24588561 11506059 23179930 24406694 27046350 22586617 24282511 22767292 27918276
22469210 24825662 24163230 22744277 25947212 23916012 21482390 24209003 26990061 4682829 3924543 22806967 22804169 26392425 24696951 28717528 22127623 26700951 23221321 5924937 22124824 26423045 23083694 28430037 23306915 1844194 19465448 27148277 25686387 22811124 28618367
22355402 3452162 23306915 27805433 28979301 3347112 25686387 17798300 25084407 22713653 23777276 28650774 21482390 24369540 24696951 24734359 24875042 4682829 27838862 10360120 3251245 19465448 24831839 27509077 23484652 27842292 25841494 28075640 24871572 26696286 27766198
22192410 26636284 10360120 27838862 24431068 27919702 24862022 22192410 1844194 25968044 24815879 25633392 23777276 26780956 21849811 27683038 23179930 22562277 24406694 27251922 26447345 28401667 23802584 23762015 22386160 16966287 27142001 23306915 25686387 26586867 28784126
11215841 25667175 11215841 11506059 33956 24282511 28857365 25060240 1053039 22204461 24797334 7845337 19842843 20983856 25743600 19095156 28458973 24460563 28042427 22586617 27317792 20618183 29120369 23454494 23056329 23858457 23134212 27870559 29026290 22912593 23636495
6634315 6634315 2638200 23007564 25643617 23731503 24041456 22907008 23931699 27163073 27963319 17625385 26636284 24211423 18008999 120180 22819707 22351918 24244477 4823089 25118044 27200351 24447193 26944216 13433670 27359013 20624339 21660102 23820226 3354948 16758271
21881997 23722507 22095542 2297794 26349069 27173109 25118044 22138696 4481555 655393 3102895 3354084 23059888 27181704 25643617 24041456 6054488 28691155 25495244 22744858 28662777 24244477 24718092 23880110 27866339 25276872 26286254 18890593 12753642 27055493 25061970
21945600 24444875 25296748 25686387 26780956 23306915 24508231 24369540 17125836 15422485 28603627 25061970 8958871 25714455 17011854 23426533 29150536 16966287 5391840 22562277 22131184 22198260 23054910 24815879 27169522 22264936 24060427 18862600 22806967 24157092 12753642
20190785 27985349 28075640 24831839 20075894 24330707 18260408 22662704 17798300 22031329 3452162 4906202 10497892 24797334 28856794 28060141 23179930 18237489 11286712 26286254 26295896 25891596 963781 22468166 23777473 28467886 25382283 27224674 15589186 23417456 28047189
22659523 24410063 22425401 17993960 27846733 24812788 26718303 24676637 23125387 10460737 24406694 20696121 21964601 25715105 10360120 18862600 27681858 4968732 26586867 10800357 25809704 20651166 28260167 19080925 28280425 23200643 28470342 23417456 22131184 27251922 28544525
7900503 22425401 24511287 27681858 28899372 28948991 22693197 27838862 24406694 19914667 963781 22562277 23125387 25633392 10360120 23306915 26447345 24369540 24636212 27603164 15589186 2661871 26780956 25296748 23200643 25686387 29143392 27919702 16683487 27277265 28544525
3656762 25247556 29103144 24354871 3656762 24758247 120180 13433670 27560110 22665088 23382177 22517748 22726048 22698596 23628219 18084022 28587401 17474610 23121571 28312421 22600828 25851312 24145688 3138928 26776095 25721592 2631206 24071580 13499912 26997975 25553998
22811124 21194274 23254386 22471441 22949863 25798832 28073792 27454956 20710503 27609472 28850689 22337026 22614649 27907858 27412481 18237489 1088558 11782783 2631206 25667175 23238022 22609964 23951097 27192215 24914108 28407613 3452162 25125396 26604313 28308645 29030627
23430775 23430775 23060366 26805297 23200643 24617933 16830627 29143392 23287431 22865059 24547775 25498150 28260167 1582377 23179930 28556471 26423045 27700063 27798180 24526465 22633803 28618367 22806967 27986498 16124917 15244267 25747942 8845655 18694242 26447345 23057359
23537963 26256150 23537963 24661594 28407613 16784938 28109237 23306915 12186911 1844194 16041502 23215747 27919702 20075894 25851312 21855698 19591917 28820243 650643 2297794 737275 28452690 18694242 22609964 28050153 16011833 28691155 22919264 21899158 24588561 23074690
18885764 18885764 22819707 22452101 25247556 24244477 27560110 28010172 5254599 3656762 26604313 23800718 25504935 28503714 27522072 24868603 23541296 22586617 24492147 25851312 22583294 24519254 23438438 26299451 25531281 24543770 5256278 25892857 22600828 27646532 27201701
23938894 23938894 26696286 27163073 2271600 26990061 27181704 3354948 28761545 24447193 27963319 22744858 6634315 27287300 28141396 26760251 16683487 17660813 27313950 28639321 1532428 120180 24145688 25643617 23382177 9806103 24947122 4481555 16177423 24962475 22138696
