29137748 16
19145628 6
5457771 2
9372630 10
22786968 7
20045921 85
28792125 20
28593223 26
4897766 11
13250095 24
28604371 10
28537933 7
25570731 4
28169011 6
28419961 4
28431715 2
28355010 67
11968468 75
23892628 34
759856 2
28288104 15
15149422 51
28127313 7
12494982 23
26250065 7
27011634 8
27541560 10
28023047 63
27985337 7
27956535 12
27916936 10
27818264 5
18529467 57
27751181 2
16786026 7
27688250 15
27638664 16
19491231 4
5716664 38
27595854 5
27606398 3
23201427 4
27505196 17
27498656 50
27481284 15
27467555 16
27320865 19
27354384 30
27366643 6
27356139 4
