29137748 5876300 25594022 25003745 19358741 27646793 8398259 28168177 23869254 24638521 7274076 20275312 14830667 29168580 25209613 17422881 29137748 9372630 24613916 23146787 28792125 24174156 25570731 24203087 27505196 23799213 23924963 27729156 28935792 26230132 20301249
19145628 25759047 23648297 19676714 25984330 4967965 19145628 19386096 12373251 20904938 23594822 25640375 23146787 22267216 22574780 20143596 12028568 20094263 23533381 16722777 16181674 11529542 1499739 25286023 22464508 27484167 27354384 12174958 27226413 24165124 20847731
5457771 11429093 5457771 10266844 25221428 4183006 19763732 25054901 26275165 25130419 24448360 24755952 13967168 23660811 26726468 27226413 2643822 7874526 23441238 20351810 20517806 28904283 23827091 24658335 25092384 23076001 24330522 17826401 5325726 27659223 22268898
9372630 19909070 22712405 17318229 28031648 27366643 27890813 13020658 28883023 21345574 9372630 19666079 24779440 16910503 8398259 26036950 27137250 26675062 25077553 25058339 13979365 7230819 7274076 26024591 15129920 10480030 21810965 22574780 22267216 29153257 10250617
22786968 1457390 24143797 24604664 19493207 21695147 24753664 22786968 2180293 20010854 27741124 6087012 22753171 27011634 28219546 21992071 25448165 23161934 15699049 19911690 20237976 20049922 19711603 22997430 20127921 28515515 2849102 21181551 23799213 23386091 26881400
20045921 17788317 3760839 759856 8398259 22259731 22935648 23827091 10266844 27226413 12104257 19132204 28515515 25992962 12028568 27541560 15149422 28264131 24571072 22453259 28572615 29078130 27179925 4601722 23863228 15984896 12815451 20896517 27227828 27209863 29038172
28792125 19830106 26262545 1991030 12104257 27836421 20932537 9596572 19603560 7752542 26885834 5457771 28117551 25760491 22995544 17800017 20535012 26479767 20947540 25326511 28792125 11499918 24648501 21525923 24447502 25600334 25766839 28695133 23461538 9372630 24605600
28593223 19380575 28244441 6087012 23815489 24476757 26992908 24461587 25861822 26024193 28695133 29165392 27350088 20688851 21643278 25279275 20944792 21988278 20992169 23270606 28591116 9621131 26590375 13655678 24133288 3511179 28593223 27818302 26891034 20148736 22789430
4897766 26067405 24221460 11891851 20956379 1486120 20678164 7152950 2498536 25063177 22464508 4897766 13020658 22480208 27483546 19535436 19214735 6648090 7274076 2159635 24548102 14259568 25279275 25796777 11118703 18147585 23139660 24157183 28061286 7162985 19607900
13250095 18995778 26045663 8655185 19833227 28688021 28173816 22854803 21801151 25910753 27630507 24944388 20121528 10721279 25821836 24268477 8397169 21181551 13146732 22486499 25679432 27266131 26932355 18119623 13250095 22879841 28195789 20020300 24886667 25193045 22994875
28604371 3042694 19543666 25994772 27741124 26729618 22144519 2609301 27183699 27320865 28604371 8817290 20473275 28143427 16910503 10142282 28593223 21570163 29153257 28244163 23330156 6758364 27955370 15760724 21403859 20211015 25188691 27818264 2849102 24429232 27308718
28537933 25523180 23490122 7274076 19728497 24449145 27005386 28537933 20501574 26465200 20124414 21160589 25717637 4967965 26339012 23533886 19653063 28185307 20924299 21116189 25029058 23442866 21017171 24160089 25012931 24859930 22464508 19718630 24613916 24057886 28937578
25570731 28739168 28208920 28419961 25570731 26252194 7274076 27289443 27729156 24174156 27958833 10208097 23885116 25776794 26460141 25662747 18257679 9372630 26854838 20093813 25575345 25209613 21810965 19666079 27816939 21896764 27852028 20944792 23892628 22574780 17898153
28169011 25311302 25766839 27960873 27354384 26316605 28169011 23293281 23363949 21991473 28980258 25919473 27648547 28366759 759856 16181674 19535436 26248465 23671604 26670040 28238078 20471770 20561710 21330805 28963060 21430336 19081456 22038277 16851929 12939375 18077264
28419961 25570731 28739168 28208920 28419961 27289443 27226413 27616488 27541560 27144514 10208097 24174156 27484167 23827091 27209863 21968813 22856183 26460141 27106002 27088169 23863228 15984896 28603199 9058759 25575345 22251575 19854259 26757559 23442866 16545518 28393333
28431715 28695502 28431715 20275312 27169948 26986962 20211015 26881400 9171861 23201427 19628333 26866398 15760724 20010854 16604749 28935792 26369824 20336778 27482766 23779041 24429232 19615147 15129920 27663869 3132732 24646555 21044455 25484832 24890513 28025760 15902099
28355010 28792125 25193045 28926195 24203087 24545790 8655185 27483546 27345081 23298676 28159519 20043555 23892628 21300634 22985809 21160589 25640375 2326668 29142246 21017171 23826116 20354616 23488221 23832477 3148535 18119623 26376427 19244822 20336778 27955370 19083831
11968468 26483837 28833418 10208097 17787176 20188953 24262080 28617157 27106002 27226413 25221428 21968813 23076001 26250065 23109713 28455472 2643822 23441238 27209863 24013882 15149422 23660811 19854259 21235868 25301195 14830667 759856 24880351 18257679 22781843 20045921
23892628 23832477 22985809 25184134 19115421 3511179 28145857 28324280 5431757 20944792 25776794 21175408 28792125 28164760 18257679 27852028 26649705 24605600 27169948 27345081 22321790 23080945 21810965 26370337 27432344 25093512 9621131 13199185 11226603 28591116 21988278
759856 16181674 759856 26602667 22259731 26248465 28295220 19589115 23146787 21330805 25502933 22038277 26670040 23293281 20045921 28963060 27583478 26363071 11799972 20140118 18479354 23648297 19676714 16851929 27423034 28366759 17745466 21430336 7674115 16786026 25407382
28288104 637440 29061248 16976617 22618770 22766529 27633748 23218590 14451533 13673337 23371888 27191559 10250617 16131256 24495416 28288104 17745466 19244822 18826337 23322275 11577274 21912422 27659223 29078130 7674115 28110269 26602667 20897387 13815119 28295220 27310063
15149422 28987938 15805010 23827091 27226413 10266844 28572615 24660448 20517806 27523777 17745466 27517692 17787176 26250065 27541560 23660811 23268669 19763732 26764889 28337563 28904283 27616488 27484167 25882806 28234494 24755952 8398259 28293243 27716957 21616016 20351810
28127313 14942438 22195639 22652793 22190243 27505196 27603505 28127313 15873406 26736252 21044455 16722777 27940388 23440960 23488221 27638664 17422881 27483546 29062535 23222868 5876300 29153257 25003745 17898153 6758364 18529467 20275312 6350708 23721320 28935792 27137250
12494982 27547445 27203801 23978299 19488867 21554302 26729618 23479409 28670669 22848180 18635107 27991122 13949792 27958833 9621131 19543666 16910503 28398836 19615147 15873406 25896730 2849102 23497579 12494982 21419783 26624609 3677925 21403859 28632987 29153257 27002355
26250065 27583478 26418635 27597758 23109713 28435342 28696822 26250065 13367342 27410967 27576697 21831067 23949288 25846864 19763732 28987938 21616016 17745466 27703408 26483837 10208097 20496794 15106636 19393505 23660811 27523777 23339098 27940388 28234494 27852028 24134676
27011634 21897041 14451533 23371888 23218590 28288104 22766529 11577274 27011634 22618770 759856 16851929 26399642 16131256 19589115 21912422 28676771 20471770 23363949 7674115 13815119 21953493 26949276 17745466 16181674 19724164 16976617 27633748 10060996 10208097 29061248
27541560 27616488 15805010 28337563 27484167 15106636 27226413 27656645 15149422 23827091 27541560 27209863 27634991 28293243 28987938 27606398 27716957 28419961 28234494 28572615 27983343 27144514 27106002 24907541 20947540 23863228 15984896 25570731 24174156 25992962 19405410
28023047 26068627 19405410 26465200 17510112 20094263 22542470 24268477 5836965 23293281 26986962 5335285 26688945 24826808 9550778 11257595 3666011 27009084 26675062 26881400 22209606 19728497 19386096 18742091 24057886 17655629 11529542 25029058 28185307 1499739 23648237
27985337 16910503 19700354 2849102 7274076 19355526 24655207 27985337 16721010 22229874 24564028 848212 22096599 27210016 28122474 924990 18826337 23246850 20540749 26336274 23461538 23456776 18529467 24476757 13308299 6587147 27742968 23363949 14715552 25323231 18794617
27956535 27940388 14117617 23978299 17144669 26729618 21616653 28670669 20992454 23161934 22848180 20053350 27956535 21403859 25961500 27183699 21024342 21116189 25448165 22789430 28385979 18147585 21238312 27741124 15699049 29153257 16688878 25994772 25279275 9276738 19809777
27916936 20211015 28398836 24429232 23023399 15873406 26624609 19761915 21644457 27816939 27916936 17836969 27356139 28456780 26649705 24908397 24174156 27290204 16357812 23146787 27555374 15902099 24656691 13873489 27377538 25054901 23201427 21320786 27547445 15129920 21992071
27818264 27482766 20263774 19047657 28648296 27818264 21589784 12785842 28790145 24604296 21024342 21945763 27729156 23280533 25732053 22911914 20752601 19728497 21874331 24246258 6350708 25640375 19852500 12857469 24449145 26012866 20811141 17898153 28937578 28950716 20505339
18529467 848212 29167655 6530191 9621131 12785842 20124414 22441425 28025760 15040567 27688250 20064481 27439836 11143303 7230819 27741124 1499739 21554302 28159519 20043555 23361379 20944792 1834971 18887147 27169948 27717288 20053350 19525094 28394100 11155428 28456780
27751181 26680184 27751181 21558830 22397846 5832695 26736252 20955595 22070763 21538481 24460915 1072561 5716664 12944161 17510112 22051035 19063934 27005386 22992758 16545518 16910503 14031208 24136568 28632987 19221583 7608511 15387327 25540677 27646793 21213074 26881400
16786026 7606182 11799972 27204455 8354568 18479354 2687522 16786026 22099129 17538398 25451780 24969236 19929084 21502979 16976617 18257679 21810965 23146787 28295220 18629122 19589115 21905013 16910503 2849102 27999417 26281658 20897387 13673337 24495416 22766529 27423034
27688250 28025760 27741124 21675641 6530191 27717288 9621131 28061286 20124414 28164760 20847731 27439836 18529467 20944792 22992758 27688250 28809183 19280057 9696836 22441425 6758364 21554302 20053350 27983343 24033788 18887147 15873406 23361379 21044455 12785842 11155428
27638664 26370337 23500826 28171227 23361379 22441425 15873406 28127313 27852028 21575370 21746724 22190243 28143427 29137748 28025760 21360950 27638664 22195639 28213349 5876300 18742091 24429232 20336778 25003745 24755952 22129785 19666079 23488221 23388700 20275312 24927438
19491231 1499739 27621527 24249145 19491231 27798047 19386096 11529542 23146787 7992807 28083417 26675062 19178354 25689429 17243529 7230819 25819511 26012866 20094263 23594822 18986457 16464820 15129920 23880946 23298676 28712556 12373251 21320786 26688945 25242993 23652192
5716664 28591116 29145198 26960729 8202008 26305864 23436056 23472950 27002355 20097756 21213074 27432344 27648547 20688851 21372109 25133658 10330593 21635360 23802500 5030892 27447942 4266888 5878341 20127921 24246924 25305883 29012924 22913687 25101559 22248773 23168403
27595854 25301195 21801151 13921754 20840008 27595854 26305864 22929075 24873725 25524979 27002355 20944792 28591116 28670669 19583775 23549077 28168177 21386211 27852028 27432344 28840651 26960729 25776794 24203087 22764780 23472950 24013882 20324586 19132204 24605600 26210338
27606398 27601039 20093813 27606398 26736252 17510112 27983343 12217047 23440960 24803315 20947540 4591325 26378452 22992758 17318229 21300634 21360950 25570731 24174156 27481284 20501574 21896764 27366643 25757299 6508203 24213939 26252194 26370337 7274076 24254699 28220489
23201427 22994875 23781826 9171861 23201427 27521209 27169948 27345081 24890513 28735125 28220489 28164760 28584211 26649705 21810965 26369824 29061611 16357812 20211015 28471060 27663869 15129920 28456780 22129785 23892628 23080945 3132732 28755967 20010854 28324280 13979365
27505196 27603505 22652793 22195639 28127313 14942438 22190243 20010854 23146787 29153257 9372630 25640375 28456780 23892628 18529467 22129785 15873406 27505196 28220489 25553194 25503974 25873100 26056485 15129920 15902099 27521209 6758364 24174156 19653063 27958833 29062535
27498656 28031506 22684569 25910753 27955370 26023038 25406377 9953468 23442866 19145628 23363949 24826808 28117551 9202505 18700995 24548102 19515213 12286662 22450902 11529542 28937578 19483014 29157789 19852500 19900679 25640375 21017171 20453312 24656691 7230819 17655629
27481284 20675866 15755493 22343530 15506016 18529467 22688866 24907541 23223689 11277281 22686927 14980717 13930668 23533381 28060032 27481284 13261256 25994322 25286023 26041931 25323231 20093813 23863228 15984896 26306656 7230819 19145628 25880954 27508216 21946958 5785724
27467555 27401694 13873489 28398836 24269060 19655813 15129920 17745466 25448165 21166966 7274076 16357812 28456780 20049922 28739168 9372630 27467555 24890513 19086382 29003628 21325941 24656691 23381949 29021736 18147585 22985809 9171861 28980258 18282378 28164760 23799213
27320865 27308718 25846864 2609301 8817290 20473275 26275165 16264247 28143427 21235868 26726468 3042694 22168355 19763732 7874526 21956425 27659223 23996568 27562057 27320865 26108859 25216403 27566932 16442347 2643822 17144669 19397664 27741124 23077779 21810965 14701322
27354384 27960873 25311302 28169011 25766839 26316605 26670040 21991473 23293281 16851929 21430336 28963060 23363949 20471770 28238078 23671604 28366759 16181674 26949276 21330805 22038277 26248465 19081456 16910503 26602667 26363071 25819511 22051035 28279565 21953493 27354384
27366643 22712405 28031648 27137250 9372630 28883023 27366643 27890813 13020658 24779440 20599879 24885734 27377538 19251164 19909070 20740879 22810463 7274076 5876300 10480030 20947540 22992758 15040567 15129920 26370337 26369824 21325941 28164760 29167655 25570731 20540749
27356139 27265049 25484832 24604296 27356139 23361379 20211015 28189580 15760724 22190243 19655813 5876300 27688250 28025760 20535012 18282378 29137748 26009662 12939375 25168261 27401694 27983343 15873406 25662747 29062535 4591325 21156383 24638521 21179302 25197874 24155238
