29137748 19
19145628 6
5457771 2
9372630 9
22786968 5
20045921 78
28792125 13
28593223 26
4897766 6
13250095 24
28604371 12
28537933 6
25570731 4
28169011 7
28419961 4
28431715 2
28355010 65
11968468 73
23892628 34
759856 1
28288104 12
15149422 63
28127313 7
12494982 20
26250065 7
27011634 3
27541560 12
28023047 69
27985337 5
27956535 9
27916936 7
27818264 5
18529467 58
27751181 2
16786026 7
27688250 15
27638664 16
19491231 5
5716664 29
27595854 4
27606398 3
23201427 4
27505196 24
27498656 54
27481284 8
27467555 29
27320865 17
27354384 29
27366643 6
27356139 3
