29137748 25003745 25594022 5876300 19358741 24638521 27646793 23869254 8398259 28168177 7274076 20275312 14830667 25209613 29168580 9372630 17422881 24613916 23146787 29137748 25570731 28792125 24174156 27505196 23799213 24203087 23924963 20301249 21541644 28935792 26485792
19145628 25759047 23648297 19676714 4967965 25984330 19145628 19386096 20904938 20143596 25640375 12373251 23594822 23146787 22267216 22574780 12028568 20094263 23533381 11529542 1499739 16722777 25286023 22464508 27354384 20847731 24165124 12174958 16181674 20627043 27009084
5457771 11429093 5457771 10266844 4183006 19763732 26275165 25054901 24755952 25130419 24448360 13967168 20351810 24658335 23660811 25092384 7874526 26726468 24330522 27659223 23441238 23415953 25221428 17826401 1908429 5325726 2643822 28904283 23827091 24447502 28670669
9372630 19909070 22712405 28031648 27366643 27890813 13020658 17318229 28883023 9372630 19666079 24779440 21345574 16910503 26036950 8398259 26675062 27137250 25077553 13979365 7230819 25058339 7274076 26024591 15129920 21810965 10480030 29153257 22574780 22267216 28164760
22786968 1457390 24143797 24604664 19493207 22786968 24753664 2180293 21695147 6087012 22753171 20010854 27741124 27011634 28219546 21992071 25448165 23161934 15699049 19911690 20127921 20237976 20049922 19711603 28515515 21181551 2849102 23799213 22997430 19543666 27734274
20045921 8398259 17788317 23827091 10266844 22935648 27226413 25992962 27541560 28572615 15149422 29078130 759856 27227828 28515515 23863228 15984896 27209863 28264131 23441238 27852028 22221700 19132204 28987938 22268898 18986457 27439453 27106002 20188953 24907541 23076001
28792125 26262545 20932537 9596572 26885834 28117551 27836421 22995544 19830106 19603560 20947540 5457771 26479767 28792125 24648501 11499918 20535012 25760491 24447502 25766839 25326511 23461538 17800017 9372630 22778888 22015660 28169011 21907413 26316605 28695133 20644199
28593223 6087012 19380575 26992908 28244441 23815489 25861822 24461587 24476757 26024193 27350088 29165392 28695133 20688851 25279275 20944792 21643278 20992169 21988278 23270606 28591116 9621131 26590375 13655678 24133288 3511179 28593223 27818302 22789430 26891034 20148736
4897766 11891851 1486120 20678164 2498536 7152950 4897766 25063177 13020658 22464508 22480208 19535436 27483546 7274076 14259568 2159635 24548102 25279275 18147585 23139660 24157183 25796777 11118703 28061286 19607900 6648090 2326668 23734004 21277967 21175408 21701234
13250095 8655185 26045663 18995778 28688021 28173816 21801151 19833227 22854803 25910753 27630507 24944388 10721279 20121528 25821836 24268477 8397169 21181551 13146732 22486499 27266131 26932355 25679432 18119623 13250095 22879841 24886667 25193045 28195789 22994875 20020300
28604371 3042694 19543666 25994772 27741124 22144519 26729618 2609301 27183699 27320865 20473275 8817290 28604371 28143427 16910503 28593223 10142282 29153257 21570163 28244163 23330156 27955370 6758364 15760724 21403859 20211015 2849102 12494982 27818264 20053350 17144669
28537933 25523180 23490122 24449145 7274076 19728497 28537933 27005386 4967965 25717637 20124414 26465200 20501574 24160089 26339012 21160589 20924299 25029058 21116189 23533886 25012931 24859930 24057886 19653063 23442866 21024342 28185307 23146787 21017171 22464508 27961642
25570731 28739168 28208920 28419961 25570731 7274076 26252194 24174156 27729156 27289443 27958833 10208097 23885116 26460141 25776794 25662747 18257679 9372630 20093813 25209613 21810965 19666079 26854838 25575345 27816939 20944792 23892628 21896764 17898153 22574780 21360950
28169011 25311302 25766839 27354384 27960873 23293281 26316605 28169011 23363949 28980258 25919473 21991473 26248465 27648547 19535436 759856 28366759 16181674 28238078 23671604 20471770 28963060 20561710 19081456 26670040 21330805 21430336 16851929 12939375 22038277 18077264
28419961 28739168 25570731 28208920 28419961 27289443 27226413 27616488 27541560 10208097 24174156 27144514 27484167 22856183 26460141 27209863 23827091 27106002 21968813 28603199 25575345 9058759 23863228 15984896 19854259 27088169 22251575 23442866 8655185 28393333 16545518
28431715 28695502 28431715 20275312 27169948 26986962 26881400 20211015 9171861 23201427 26866398 19628333 15760724 20336778 26369824 16604749 20010854 28935792 27482766 23779041 19615147 24429232 15129920 3132732 27663869 25484832 24646555 21044455 24890513 28025760 6530191
28355010 28792125 25193045 8655185 28926195 20043555 28159519 27345081 24203087 23892628 21160589 27483546 24545790 23298676 25640375 21300634 2326668 22985809 23826116 18119623 3148535 21017171 20336778 23488221 29142246 26376427 20354616 27955370 23832477 9229644 26772301
11968468 26483837 10208097 28833418 17787176 20188953 24262080 27106002 27226413 28617157 26250065 21968813 23076001 25221428 23109713 23441238 2643822 28455472 27209863 15149422 19854259 23660811 24013882 21235868 25301195 14830667 18257679 25846864 759856 22781843 20667619
23892628 23832477 22985809 25184134 19115421 28324280 28145857 3511179 20944792 25776794 21175408 28164760 28792125 5431757 26649705 18257679 27169948 27345081 23080945 22321790 21810965 26370337 27432344 9621131 27852028 25093512 24605600 13199185 11226603 23201427 18916350
759856 759856 16181674 26248465 26602667 23146787 23293281 19589115 25502933 21330805 28295220 22259731 28963060 26363071 23648297 19676714 22038277 27583478 20140118 26670040 16851929 20471770 24604296 24313907 21430336 28366759 19145628 25819511 12028568 7674115 26949276
28288104 637440 16976617 22766529 27633748 29061248 23218590 13673337 14451533 27191559 10250617 22618770 28288104 23371888 24495416 16131256 18826337 23322275 27659223 17745466 13815119 11577274 28110269 19244822 20897387 27310063 2849102 26602667 28295220 19397664 7674115
15149422 15805010 28987938 23827091 28572615 10266844 27226413 26250065 24660448 17745466 17787176 20517806 23268669 19763732 27523777 27517692 26764889 23660811 27541560 28904283 28337563 28234494 20351810 27616488 8398259 27484167 16264247 25882806 21616016 24203087 28293243
28127313 14942438 22652793 27505196 22195639 27603505 22190243 28127313 15873406 21044455 16722777 27638664 23440960 26736252 27940388 27483546 23488221 17422881 29153257 29062535 18529467 6758364 20275312 17898153 23721320 13921754 23222868 13979365 24927438 28813206 29137748
12494982 27203801 23978299 22848180 26729618 21554302 23479409 13949792 28670669 27958833 18635107 27547445 27991122 19543666 19488867 9621131 16910503 28398836 19615147 25896730 12494982 21616653 15873406 21419783 2849102 21403859 26624609 3677925 27956535 29153257 25448165
26250065 27583478 27597758 26418635 23109713 13367342 28435342 26250065 28696822 27576697 23949288 21831067 25846864 27410967 19763732 28987938 17745466 21616016 26483837 10208097 27703408 15106636 20496794 19393505 23660811 27523777 23339098 27940388 28234494 27852028 22168355
27011634 21897041 14451533 27011634 23218590 16851929 23371888 28288104 23363949 26399642 16131256 26949276 22618770 20471770 28676771 759856 22766529 11577274 10060996 13815119 21953493 7674115 21912422 19589115 27633748 26248465 16976617 16181674 17745466 24969236 26602667
27541560 27616488 15805010 15106636 28337563 27484167 27226413 27656645 23827091 27634991 27209863 15149422 27541560 28293243 28572615 28987938 27716957 28234494 27606398 27106002 24907541 28419961 27144514 23863228 15984896 27983343 20947540 25570731 23802500 24646555 25992962
28023047 19405410 26068627 17510112 22542470 26465200 5836965 5335285 3666011 20094263 23293281 9550778 19728497 26986962 26881400 24826808 24057886 27009084 11257595 19386096 25029058 26675062 28185307 11529542 8253653 17655629 18742091 4967965 22209606 21277967 1499739
27985337 16910503 19700354 19355526 2849102 27985337 7274076 16721010 22229874 24655207 848212 24564028 27210016 22096599 18826337 26336274 6587147 28122474 13308299 18529467 24476757 23246850 924990 20540749 23461538 23456776 23363949 25323231 22812094 25873100 7152950
27956535 27940388 14117617 26729618 17144669 21616653 23978299 28670669 20992454 27956535 23161934 21403859 22848180 20053350 25961500 21024342 25448165 27183699 21116189 22789430 18147585 28385979 21238312 15699049 27741124 16688878 29153257 25994772 9276738 25279275 19809777
27916936 20211015 28398836 24429232 15873406 21644457 26624609 27916936 23023399 27816939 19761915 27356139 28456780 26649705 24908397 27290204 24174156 23146787 16357812 27555374 17836969 24656691 15902099 23201427 13873489 27377538 21992071 15129920 21320786 23892628 27741124
27818264 27482766 19047657 20263774 21589784 27818264 12785842 24604296 28790145 23280533 21024342 21945763 25732053 24246258 28648296 22911914 21874331 19728497 20752601 24449145 19852500 25640375 6350708 12857469 26012866 20505339 28950716 21976763 21156383 20811141 17898153
18529467 848212 29167655 6530191 9621131 12785842 20124414 22441425 28025760 27688250 15040567 20064481 27439836 11143303 7230819 27741124 1499739 21554302 20043555 28159519 23361379 20944792 1834971 27169948 27717288 18887147 20053350 28456780 19525094 11155428 22343530
27751181 26680184 27751181 21558830 5832695 26736252 20955595 21538481 24460915 5716664 1072561 12944161 22070763 17510112 27005386 22992758 22051035 16545518 24136568 16910503 7608511 19221583 25540677 15387327 21213074 27646793 26881400 19225662 28138022 14031208 26687171
16786026 7606182 11799972 8354568 27204455 18479354 2687522 16786026 22099129 24969236 17538398 25451780 19929084 16976617 18257679 21502979 21810965 23146787 18629122 28295220 2849102 16910503 19589115 21905013 20897387 13673337 24495416 27999417 22766529 26056485 17826401
27688250 28025760 27741124 21675641 6530191 27717288 9621131 28061286 20124414 20847731 22992758 18529467 20944792 28164760 27439836 27688250 9696836 19280057 28809183 22441425 21554302 20053350 6758364 15873406 23361379 27983343 21044455 18887147 1499739 12785842 22994875
27638664 26370337 23500826 23361379 28171227 22441425 28127313 15873406 21575370 22190243 21746724 28143427 29137748 28025760 27852028 21360950 27638664 22195639 28213349 20336778 18742091 5876300 24429232 22129785 19666079 24927438 25003745 27596464 24755952 23488221 20275312
19491231 27621527 1499739 27798047 24249145 19491231 19386096 11529542 23146787 26675062 7992807 28083417 19178354 26012866 7230819 16464820 25819511 17243529 15129920 21320786 20094263 23298676 23594822 25689429 25242993 24656691 26687171 23652192 9171861 23880946 18986457
5716664 26305864 21213074 28591116 27648547 26960729 27432344 27002355 25133658 10330593 4266888 5030892 27447942 23472950 5878341 20127921 25101559 21635360 20688851 29145198 29012924 23436056 21372109 22248773 26137086 10611175 22753171 23802500 28398763 5716664 23168403
27595854 25301195 21801151 13921754 27595854 26305864 22929075 24873725 27002355 20944792 28591116 28670669 19583775 28168177 27432344 21386211 26960729 23549077 27852028 25776794 24203087 23472950 20324586 24013882 19132204 23436056 28599703 24605600 21238312 16910503 22848180
27606398 27601039 20093813 27606398 26736252 17510112 27983343 12217047 23440960 24803315 4591325 20947540 26378452 22992758 21360950 21300634 25570731 17318229 24174156 27481284 20501574 21896764 6508203 24213939 26252194 27366643 25757299 26370337 7274076 24254699 28220489
23201427 22994875 23781826 9171861 23201427 27521209 27169948 27345081 24890513 28735125 28220489 26649705 28164760 21810965 26369824 28584211 29061611 20211015 28456780 16357812 15129920 23892628 27663869 22129785 28471060 23080945 3132732 28324280 18119623 13979365 28755967
27505196 27603505 22652793 22195639 28127313 14942438 22190243 20010854 29153257 23146787 28456780 25640375 23892628 9372630 18529467 22129785 15873406 15129920 28220489 27521209 26056485 25873100 6758364 15902099 27505196 19653063 24029904 29062535 24174156 19655813 15760724
27498656 28031506 22684569 25910753 27955370 26023038 25406377 9953468 23442866 19145628 23363949 24826808 9202505 18700995 28117551 19515213 24548102 22450902 12286662 11529542 29157789 19483014 28937578 19852500 19900679 25640375 24656691 7230819 17655629 24903986 20093813
27481284 28060032 23863228 15984896 26041931 22688866 14980717 18529467 27481284 25286023 23223689 15506016 20093813 15755493 13261256 11901448 25323231 5785724 21946958 20675866 11277281 22856183 20563539 19145628 27401694 14715552 25636632 21300634 27505196 27005386 22343530
27467555 27401694 28398836 13873489 24269060 19655813 15129920 25448165 28456780 7274076 17745466 28739168 9372630 21166966 20049922 24656691 29003628 24890513 16357812 18147585 21325941 29021736 23381949 9171861 19086382 22985809 18282378 23799213 28980258 27467555 21992071
27320865 27308718 25846864 16264247 26275165 2609301 26726468 22168355 19763732 21235868 20473275 8817290 23996568 27659223 3042694 28143427 7874526 27320865 2643822 26108859 27562057 16682942 15106636 8398259 19854259 24495416 14701322 23076001 26250065 21810965 27566932
27354384 27960873 25311302 28169011 25766839 26316605 26670040 21991473 23293281 16851929 21430336 28963060 23363949 20471770 28238078 26949276 23671604 28366759 16181674 26248465 21330805 19081456 22038277 16910503 26602667 26363071 25819511 22051035 28279565 27354384 21953493
27366643 22712405 28031648 27137250 9372630 28883023 27366643 27890813 13020658 24779440 20599879 24885734 27377538 19251164 19909070 22810463 20740879 7274076 5876300 10480030 20947540 22992758 15040567 15129920 26370337 26369824 21325941 28164760 25570731 29167655 20540749
27356139 27265049 24604296 27356139 25484832 23361379 20211015 15760724 19655813 28189580 27688250 22190243 28025760 29137748 27401694 15873406 26009662 18282378 25662747 25168261 12939375 5876300 24638521 27555374 20535012 20336778 24903986 27983343 4591325 25299467 21156383
